sno,act,srcUpdateTime,total,available_rent_bikes,latitude,longitude
500101120,0,2024-07-24 21:52:21,43,0,25.03164,121.52661
500101120,0,2024-07-24 21:52:21,43,0,25.03164,121.52661
500101120,0,2024-07-24 21:53:21,43,0,25.03164,121.52661
500101120,0,2024-07-24 21:54:21,43,0,25.03164,121.52661
500101120,0,2024-07-24 21:54:21,43,0,25.03164,121.52661
500101120,0,2024-07-24 21:55:21,43,0,25.03164,121.52661
500101120,0,2024-07-24 21:56:21,43,0,25.03164,121.52661
500101120,0,2024-07-24 21:57:21,43,0,25.03164,121.52661
500101120,0,2024-07-24 21:58:22,43,0,25.03164,121.52661
500101120,0,2024-07-24 21:59:21,43,0,25.03164,121.52661
500101120,0,2024-07-24 22:00:28,43,0,25.03164,121.52661
500101120,0,2024-07-24 22:01:22,43,0,25.03164,121.52661
500101120,0,2024-07-24 22:02:22,43,0,25.03164,121.52661
500101120,0,2024-07-24 22:03:22,43,0,25.03164,121.52661
500101120,0,2024-07-24 22:04:22,43,0,25.03164,121.52661
500101120,0,2024-07-24 22:05:22,43,0,25.03164,121.52661
500101120,0,2024-07-24 22:06:22,43,0,25.03164,121.52661
500101120,0,2024-07-24 22:07:21,43,0,25.03164,121.52661
500101120,0,2024-07-24 22:08:22,43,0,25.03164,121.52661
500101120,0,2024-07-24 22:09:21,43,0,25.03164,121.52661
500101120,0,2024-07-24 22:10:28,43,0,25.03164,121.52661
500101120,0,2024-07-24 22:11:21,43,0,25.03164,121.52661
500101120,0,2024-07-24 22:12:22,43,0,25.03164,121.52661
500101120,0,2024-07-24 22:13:21,43,0,25.03164,121.52661
500101120,0,2024-07-24 22:14:21,43,0,25.03164,121.52661
500101120,0,2024-07-24 22:15:25,43,0,25.03164,121.52661
500101120,0,2024-07-24 22:16:21,43,0,25.03164,121.52661
500101120,0,2024-07-24 22:17:21,43,0,25.03164,121.52661
500101120,0,2024-07-24 22:18:21,43,0,25.03164,121.52661
500101120,0,2024-07-24 22:19:22,43,0,25.03164,121.52661
500101120,0,2024-07-24 22:20:27,43,0,25.03164,121.52661
500101120,0,2024-07-24 22:21:22,43,0,25.03164,121.52661
500101120,0,2024-07-24 22:22:22,43,0,25.03164,121.52661
500101120,0,2024-07-24 22:23:20,43,0,25.03164,121.52661
500101120,0,2024-07-24 22:24:22,43,0,25.03164,121.52661
500101120,0,2024-07-24 22:25:21,43,0,25.03164,121.52661
500101120,0,2024-07-24 22:26:22,43,0,25.03164,121.52661
500101120,0,2024-07-24 22:27:22,43,0,25.03164,121.52661
500101120,0,2024-07-24 22:28:22,43,0,25.03164,121.52661
500101120,0,2024-07-24 22:29:21,43,0,25.03164,121.52661
500101120,0,2024-07-24 22:30:29,43,0,25.03164,121.52661
500101120,0,2024-07-24 22:31:22,43,0,25.03164,121.52661
500101120,0,2024-07-24 22:32:22,43,0,25.03164,121.52661
500101120,0,2024-07-24 22:33:21,43,0,25.03164,121.52661
500101120,0,2024-07-24 22:34:21,43,0,25.03164,121.52661
500101120,0,2024-07-24 22:35:21,43,0,25.03164,121.52661
500101120,0,2024-07-24 22:36:21,43,0,25.03164,121.52661
500101120,0,2024-07-24 22:37:21,43,0,25.03164,121.52661
500101120,0,2024-07-24 22:38:22,43,0,25.03164,121.52661
500101120,0,2024-07-24 22:39:21,43,0,25.03164,121.52661
500101120,0,2024-07-24 22:40:27,43,0,25.03164,121.52661
500101120,0,2024-07-24 22:41:21,43,0,25.03164,121.52661
500101120,0,2024-07-24 22:42:22,43,0,25.03164,121.52661
500101120,0,2024-07-24 22:43:22,43,0,25.03164,121.52661
500101120,0,2024-07-24 22:44:22,43,0,25.03164,121.52661
500101120,0,2024-07-24 22:45:21,43,0,25.03164,121.52661
500101120,0,2024-07-24 22:46:21,43,0,25.03164,121.52661
500101120,0,2024-07-24 22:47:22,43,0,25.03164,121.52661
500101120,0,2024-07-24 22:48:21,43,0,25.03164,121.52661
500101120,0,2024-07-24 22:49:21,43,0,25.03164,121.52661
500101120,0,2024-07-24 22:50:27,43,0,25.03164,121.52661
500101120,0,2024-07-24 22:51:22,43,0,25.03164,121.52661
500101120,0,2024-07-24 22:52:22,43,0,25.03164,121.52661
500101120,0,2024-07-24 22:53:22,43,0,25.03164,121.52661
500101120,0,2024-07-24 22:54:22,43,0,25.03164,121.52661
500101120,0,2024-07-24 22:55:22,43,0,25.03164,121.52661
500101120,0,2024-07-24 22:56:21,43,0,25.03164,121.52661
500101120,0,2024-07-24 22:57:22,43,0,25.03164,121.52661
500101120,0,2024-07-24 22:58:21,43,0,25.03164,121.52661
500101120,0,2024-07-24 22:59:22,43,0,25.03164,121.52661
500101120,0,2024-07-24 23:00:28,43,0,25.03164,121.52661
500101120,0,2024-07-24 23:01:22,43,0,25.03164,121.52661
500101120,0,2024-07-24 23:02:21,43,0,25.03164,121.52661
500101120,0,2024-07-24 23:03:22,43,0,25.03164,121.52661
500101120,0,2024-07-24 23:04:22,43,0,25.03164,121.52661
500101120,0,2024-07-24 23:06:22,43,0,25.03164,121.52661
500101120,0,2024-07-24 23:07:22,43,0,25.03164,121.52661
500101120,0,2024-07-24 23:08:21,43,0,25.03164,121.52661
500101120,0,2024-07-24 23:09:21,43,0,25.03164,121.52661
500101120,0,2024-07-24 23:10:28,43,0,25.03164,121.52661
500101120,0,2024-07-24 23:11:21,43,0,25.03164,121.52661
500101120,0,2024-07-24 23:12:21,43,0,25.03164,121.52661
500101120,0,2024-07-24 23:13:21,43,0,25.03164,121.52661
500101120,0,2024-07-24 23:14:22,43,0,25.03164,121.52661
500101120,0,2024-07-24 23:15:21,43,0,25.03164,121.52661
500101120,0,2024-07-24 23:16:21,43,0,25.03164,121.52661
500101120,0,2024-07-24 23:17:21,43,0,25.03164,121.52661
500101120,0,2024-07-24 23:18:22,43,0,25.03164,121.52661
500101120,0,2024-07-24 23:19:21,43,0,25.03164,121.52661
500101120,0,2024-07-24 23:20:28,43,0,25.03164,121.52661
500101120,0,2024-07-24 23:21:21,43,0,25.03164,121.52661
500101120,0,2024-07-24 23:22:21,43,0,25.03164,121.52661
500101120,0,2024-07-24 23:23:22,43,0,25.03164,121.52661
500101120,0,2024-07-24 23:24:22,43,0,25.03164,121.52661
500101120,0,2024-07-24 23:25:21,43,0,25.03164,121.52661
500101120,0,2024-07-24 23:26:21,43,0,25.03164,121.52661
500101120,0,2024-07-24 23:27:21,43,0,25.03164,121.52661
500101120,0,2024-07-24 23:28:21,43,0,25.03164,121.52661
500101120,0,2024-07-24 23:29:22,43,0,25.03164,121.52661
500101120,0,2024-07-24 23:30:27,43,0,25.03164,121.52661
500101120,0,2024-07-24 23:31:21,43,0,25.03164,121.52661
500101120,0,2024-07-24 23:32:22,43,0,25.03164,121.52661
500101120,0,2024-07-24 23:33:22,43,0,25.03164,121.52661
500101120,0,2024-07-24 23:34:21,43,0,25.03164,121.52661
500101120,0,2024-07-24 23:35:22,43,0,25.03164,121.52661
500101120,0,2024-07-24 23:36:22,43,0,25.03164,121.52661
500101120,0,2024-07-24 23:37:21,43,0,25.03164,121.52661
500101120,0,2024-07-24 23:38:21,43,0,25.03164,121.52661
500101120,0,2024-07-24 23:39:22,43,0,25.03164,121.52661
500101120,0,2024-07-24 23:40:28,43,0,25.03164,121.52661
500101120,0,2024-07-24 23:41:22,43,0,25.03164,121.52661
500101120,0,2024-07-24 23:42:22,43,0,25.03164,121.52661
500101120,0,2024-07-24 23:43:21,43,0,25.03164,121.52661
500101120,0,2024-07-24 23:44:21,43,0,25.03164,121.52661
500101120,0,2024-07-24 23:45:22,43,0,25.03164,121.52661
500101120,0,2024-07-24 23:46:21,43,0,25.03164,121.52661
500101120,0,2024-07-24 23:47:22,43,0,25.03164,121.52661
500101120,0,2024-07-24 23:48:21,43,0,25.03164,121.52661
500101120,0,2024-07-24 23:49:21,43,0,25.03164,121.52661
500101120,0,2024-07-24 23:50:27,43,0,25.03164,121.52661
500101120,0,2024-07-24 23:51:22,43,0,25.03164,121.52661
500101120,0,2024-07-24 23:52:22,43,0,25.03164,121.52661
500101120,0,2024-07-24 23:53:21,43,0,25.03164,121.52661
500101120,0,2024-07-24 23:54:22,43,0,25.03164,121.52661
500101120,0,2024-07-24 23:55:22,43,0,25.03164,121.52661
500101120,0,2024-07-24 23:56:22,43,0,25.03164,121.52661
500101120,0,2024-07-24 23:57:21,43,0,25.03164,121.52661
500101120,0,2024-07-24 23:58:22,43,0,25.03164,121.52661
500101120,0,2024-07-24 23:59:21,43,0,25.03164,121.52661
500101120,0,2024-07-25 00:00:29,43,0,25.03164,121.52661
500101120,0,2024-07-25 00:01:22,43,0,25.03164,121.52661
500101120,0,2024-07-25 00:02:22,43,0,25.03164,121.52661
500101120,0,2024-07-25 00:03:21,43,0,25.03164,121.52661
500101120,0,2024-07-25 00:04:21,43,0,25.03164,121.52661
500101120,0,2024-07-25 00:05:21,43,0,25.03164,121.52661
500101120,0,2024-07-25 00:06:22,43,0,25.03164,121.52661
500101120,0,2024-07-25 00:07:22,43,0,25.03164,121.52661
500101120,0,2024-07-25 00:08:21,43,0,25.03164,121.52661
500101120,0,2024-07-25 00:08:21,43,0,25.03164,121.52661
500101120,0,2024-07-25 00:10:27,43,0,25.03164,121.52661
500101120,0,2024-07-25 00:11:21,43,0,25.03164,121.52661
500101120,0,2024-07-25 00:12:21,43,0,25.03164,121.52661
500101120,0,2024-07-25 00:13:22,43,0,25.03164,121.52661
500101120,0,2024-07-25 00:14:21,43,0,25.03164,121.52661
500101120,0,2024-07-25 00:15:21,43,0,25.03164,121.52661
500101120,0,2024-07-25 00:16:22,43,0,25.03164,121.52661
500101120,0,2024-07-25 00:17:22,43,0,25.03164,121.52661
500101120,0,2024-07-25 00:18:21,43,0,25.03164,121.52661
500101120,0,2024-07-25 00:19:22,43,0,25.03164,121.52661
500101120,0,2024-07-25 00:20:27,43,0,25.03164,121.52661
500101120,0,2024-07-25 00:21:22,43,0,25.03164,121.52661
500101120,0,2024-07-25 00:22:22,43,0,25.03164,121.52661
500101120,0,2024-07-25 00:23:22,43,0,25.03164,121.52661
500101120,0,2024-07-25 00:24:21,43,0,25.03164,121.52661
500101120,0,2024-07-25 00:25:21,43,0,25.03164,121.52661
500101120,0,2024-07-25 00:26:22,43,0,25.03164,121.52661
500101120,0,2024-07-25 00:27:22,43,0,25.03164,121.52661
500101120,0,2024-07-25 00:28:21,43,0,25.03164,121.52661
500101120,0,2024-07-25 00:29:21,43,0,25.03164,121.52661
500101120,0,2024-07-25 00:30:28,43,0,25.03164,121.52661
500101120,0,2024-07-25 00:31:22,43,0,25.03164,121.52661
500101120,0,2024-07-25 00:32:22,43,0,25.03164,121.52661
500101120,0,2024-07-25 00:33:22,43,0,25.03164,121.52661
500101120,0,2024-07-25 00:34:21,43,0,25.03164,121.52661
500101120,0,2024-07-25 00:35:21,43,0,25.03164,121.52661
500101120,0,2024-07-25 00:36:21,43,0,25.03164,121.52661
500101120,0,2024-07-25 00:37:22,43,0,25.03164,121.52661
500101120,0,2024-07-25 00:38:22,43,0,25.03164,121.52661
500101120,0,2024-07-25 00:39:22,43,0,25.03164,121.52661
500101120,0,2024-07-25 00:40:27,43,0,25.03164,121.52661
500101120,0,2024-07-25 00:41:22,43,0,25.03164,121.52661
500101120,0,2024-07-25 00:42:21,43,0,25.03164,121.52661
500101120,0,2024-07-25 00:43:21,43,0,25.03164,121.52661
500101120,0,2024-07-25 00:44:21,43,0,25.03164,121.52661
500101120,0,2024-07-25 00:45:22,43,0,25.03164,121.52661
500101120,0,2024-07-25 00:46:22,43,0,25.03164,121.52661
500101120,0,2024-07-25 00:47:22,43,0,25.03164,121.52661
500101120,0,2024-07-25 00:48:21,43,0,25.03164,121.52661
500101120,0,2024-07-25 00:49:22,43,0,25.03164,121.52661
500101120,0,2024-07-25 00:50:28,43,0,25.03164,121.52661
500101120,0,2024-07-25 00:51:22,43,0,25.03164,121.52661
500101120,0,2024-07-25 00:52:22,43,0,25.03164,121.52661
500101120,0,2024-07-25 00:53:22,43,0,25.03164,121.52661
500101120,0,2024-07-25 00:54:22,43,0,25.03164,121.52661
500101120,0,2024-07-25 00:55:22,43,0,25.03164,121.52661
500101120,0,2024-07-25 00:56:21,43,0,25.03164,121.52661
500101120,0,2024-07-25 00:57:22,43,0,25.03164,121.52661
500101120,0,2024-07-25 00:58:22,43,0,25.03164,121.52661
500101120,0,2024-07-25 00:59:21,43,0,25.03164,121.52661
500101120,0,2024-07-25 01:00:26,43,0,25.03164,121.52661
500101120,0,2024-07-25 01:01:22,43,0,25.03164,121.52661
500101120,0,2024-07-25 01:02:22,43,0,25.03164,121.52661
500101120,0,2024-07-25 01:03:22,43,0,25.03164,121.52661
500101120,0,2024-07-25 01:04:22,43,0,25.03164,121.52661
500101120,0,2024-07-25 01:05:21,43,0,25.03164,121.52661
500101120,0,2024-07-25 01:06:22,43,0,25.03164,121.52661
500101120,0,2024-07-25 01:07:22,43,0,25.03164,121.52661
500101120,0,2024-07-25 01:08:21,43,0,25.03164,121.52661
500101120,0,2024-07-25 01:09:21,43,0,25.03164,121.52661
500101120,0,2024-07-25 01:10:28,43,0,25.03164,121.52661
500101120,0,2024-07-25 01:11:21,43,0,25.03164,121.52661
500101120,0,2024-07-25 01:12:22,43,0,25.03164,121.52661
500101120,0,2024-07-25 01:13:22,43,0,25.03164,121.52661
500101120,0,2024-07-25 01:14:22,43,0,25.03164,121.52661
500101120,0,2024-07-25 01:15:22,43,0,25.03164,121.52661
500101120,0,2024-07-25 01:16:21,43,0,25.03164,121.52661
500101120,0,2024-07-25 01:17:22,43,0,25.03164,121.52661
500101120,0,2024-07-25 01:18:21,43,0,25.03164,121.52661
500101120,0,2024-07-25 01:19:22,43,0,25.03164,121.52661
500101120,0,2024-07-25 01:20:27,43,0,25.03164,121.52661
500101120,0,2024-07-25 01:21:21,43,0,25.03164,121.52661
500101120,0,2024-07-25 01:22:21,43,0,25.03164,121.52661
500101120,0,2024-07-25 01:23:21,43,0,25.03164,121.52661
500101120,0,2024-07-25 01:24:21,43,0,25.03164,121.52661
500101120,0,2024-07-25 01:25:21,43,0,25.03164,121.52661
500101120,0,2024-07-25 01:26:21,43,0,25.03164,121.52661
500101120,0,2024-07-25 01:27:22,43,0,25.03164,121.52661
500101120,0,2024-07-25 01:28:22,43,0,25.03164,121.52661
500101120,0,2024-07-25 01:29:22,43,0,25.03164,121.52661
500101120,0,2024-07-25 01:30:27,43,0,25.03164,121.52661
500101120,0,2024-07-25 01:31:22,43,0,25.03164,121.52661
500101120,0,2024-07-25 01:32:21,43,0,25.03164,121.52661
500101120,0,2024-07-25 01:33:22,43,0,25.03164,121.52661
500101120,0,2024-07-25 01:34:21,43,0,25.03164,121.52661
500101120,0,2024-07-25 01:35:21,43,0,25.03164,121.52661
500101120,0,2024-07-25 01:36:21,43,0,25.03164,121.52661
500101120,0,2024-07-25 01:37:22,43,0,25.03164,121.52661
500101120,0,2024-07-25 01:38:21,43,0,25.03164,121.52661
500101120,0,2024-07-25 01:39:22,43,0,25.03164,121.52661
500101120,0,2024-07-25 01:40:27,43,0,25.03164,121.52661
500101120,0,2024-07-25 01:41:22,43,0,25.03164,121.52661
500101120,0,2024-07-25 01:42:21,43,0,25.03164,121.52661
500101120,0,2024-07-25 01:43:22,43,0,25.03164,121.52661
500101120,0,2024-07-25 01:44:21,43,0,25.03164,121.52661
500101120,0,2024-07-25 01:45:22,43,0,25.03164,121.52661
500101120,0,2024-07-25 01:46:21,43,0,25.03164,121.52661
500101120,0,2024-07-25 01:47:21,43,0,25.03164,121.52661
500101120,0,2024-07-25 01:48:22,43,0,25.03164,121.52661
500101120,0,2024-07-25 01:49:22,43,0,25.03164,121.52661
500101120,0,2024-07-25 01:50:27,43,0,25.03164,121.52661
500101120,0,2024-07-25 01:51:22,43,0,25.03164,121.52661
500101120,0,2024-07-25 01:52:21,43,0,25.03164,121.52661
500101120,0,2024-07-25 01:53:22,43,0,25.03164,121.52661
500101120,0,2024-07-25 01:54:22,43,0,25.03164,121.52661
500101120,0,2024-07-25 01:55:21,43,0,25.03164,121.52661
500101120,0,2024-07-25 01:56:21,43,0,25.03164,121.52661
500101120,0,2024-07-25 01:57:22,43,0,25.03164,121.52661
500101120,0,2024-07-25 01:58:21,43,0,25.03164,121.52661
500101120,0,2024-07-25 01:59:22,43,0,25.03164,121.52661
500101120,0,2024-07-25 02:00:28,43,0,25.03164,121.52661
500101120,0,2024-07-25 02:01:21,43,0,25.03164,121.52661
500101120,0,2024-07-25 02:02:22,43,0,25.03164,121.52661
500101120,0,2024-07-25 02:03:22,43,0,25.03164,121.52661
500101120,0,2024-07-25 02:04:21,43,0,25.03164,121.52661
500101120,0,2024-07-25 02:05:21,43,0,25.03164,121.52661
500101120,0,2024-07-25 02:06:21,43,0,25.03164,121.52661
500101120,0,2024-07-25 02:07:22,43,0,25.03164,121.52661
500101120,0,2024-07-25 02:09:22,43,0,25.03164,121.52661
500101120,0,2024-07-25 02:10:27,43,0,25.03164,121.52661
500101120,0,2024-07-25 02:11:22,43,0,25.03164,121.52661
500101120,0,2024-07-25 02:12:21,43,0,25.03164,121.52661
500101120,0,2024-07-25 02:13:22,43,0,25.03164,121.52661
500101120,0,2024-07-25 02:14:21,43,0,25.03164,121.52661
500101120,0,2024-07-25 02:15:21,43,0,25.03164,121.52661
500101120,0,2024-07-25 02:16:21,43,0,25.03164,121.52661
500101120,0,2024-07-25 02:17:21,43,0,25.03164,121.52661
500101120,0,2024-07-25 02:18:20,43,0,25.03164,121.52661
500101120,0,2024-07-25 02:19:21,43,0,25.03164,121.52661
500101120,0,2024-07-25 02:20:27,43,0,25.03164,121.52661
500101120,0,2024-07-25 02:21:22,43,0,25.03164,121.52661
500101120,0,2024-07-25 02:22:21,43,0,25.03164,121.52661
500101120,0,2024-07-25 02:23:22,43,0,25.03164,121.52661
500101120,0,2024-07-25 02:24:21,43,0,25.03164,121.52661
500101120,0,2024-07-25 02:25:22,43,0,25.03164,121.52661
500101120,0,2024-07-25 02:26:22,43,0,25.03164,121.52661
500101120,0,2024-07-25 02:27:22,43,0,25.03164,121.52661
500101120,0,2024-07-25 02:28:22,43,0,25.03164,121.52661
500101120,0,2024-07-25 02:29:21,43,0,25.03164,121.52661
500101120,0,2024-07-25 02:30:27,43,0,25.03164,121.52661
500101120,0,2024-07-25 02:31:21,43,0,25.03164,121.52661
500101120,0,2024-07-25 02:32:22,43,0,25.03164,121.52661
500101120,0,2024-07-25 02:33:21,43,0,25.03164,121.52661
500101120,0,2024-07-25 02:34:21,43,0,25.03164,121.52661
500101120,0,2024-07-25 02:35:22,43,0,25.03164,121.52661
500101120,0,2024-07-25 02:36:21,43,0,25.03164,121.52661
500101120,0,2024-07-25 02:37:21,43,0,25.03164,121.52661
500101120,0,2024-07-25 02:38:21,43,0,25.03164,121.52661
500101120,0,2024-07-25 02:39:22,43,0,25.03164,121.52661
500101120,0,2024-07-25 02:40:28,43,0,25.03164,121.52661
500101120,0,2024-07-25 02:41:22,43,0,25.03164,121.52661
500101120,0,2024-07-25 02:42:21,43,0,25.03164,121.52661
500101120,0,2024-07-25 02:43:21,43,0,25.03164,121.52661
500101120,0,2024-07-25 02:44:22,43,0,25.03164,121.52661
500101120,0,2024-07-25 02:45:21,43,0,25.03164,121.52661
500101120,0,2024-07-25 02:46:22,43,0,25.03164,121.52661
500101120,0,2024-07-25 02:47:22,43,0,25.03164,121.52661
500101120,0,2024-07-25 02:48:22,43,0,25.03164,121.52661
500101120,0,2024-07-25 02:49:21,43,0,25.03164,121.52661
500101120,0,2024-07-25 02:50:27,43,0,25.03164,121.52661
500101120,0,2024-07-25 02:51:22,43,0,25.03164,121.52661
500101120,0,2024-07-25 02:52:22,43,0,25.03164,121.52661
500101120,0,2024-07-25 02:53:21,43,0,25.03164,121.52661
500101120,0,2024-07-25 02:54:22,43,0,25.03164,121.52661
500101120,0,2024-07-25 02:55:21,43,0,25.03164,121.52661
500101120,0,2024-07-25 02:56:22,43,0,25.03164,121.52661
500101120,0,2024-07-25 02:57:21,43,0,25.03164,121.52661
500101120,0,2024-07-25 02:58:22,43,0,25.03164,121.52661
500101120,0,2024-07-25 02:59:21,43,0,25.03164,121.52661
500101120,0,2024-07-25 03:00:28,43,0,25.03164,121.52661
500101120,0,2024-07-25 03:01:22,43,0,25.03164,121.52661
500101120,0,2024-07-25 03:02:21,43,0,25.03164,121.52661
500101120,0,2024-07-25 03:03:22,43,0,25.03164,121.52661
500101120,0,2024-07-25 03:04:22,43,0,25.03164,121.52661
500101120,0,2024-07-25 03:05:21,43,0,25.03164,121.52661
500101120,0,2024-07-25 03:06:21,43,0,25.03164,121.52661
500101120,0,2024-07-25 03:07:21,43,0,25.03164,121.52661
500101120,0,2024-07-25 03:08:21,43,0,25.03164,121.52661
500101120,0,2024-07-25 03:09:21,43,0,25.03164,121.52661
500101120,0,2024-07-25 03:10:28,43,0,25.03164,121.52661
500101120,0,2024-07-25 03:11:21,43,0,25.03164,121.52661
500101120,0,2024-07-25 03:12:22,43,0,25.03164,121.52661
500101120,0,2024-07-25 03:13:21,43,0,25.03164,121.52661
500101120,0,2024-07-25 03:14:21,43,0,25.03164,121.52661
500101120,0,2024-07-25 03:15:21,43,0,25.03164,121.52661
500101120,0,2024-07-25 03:16:21,43,0,25.03164,121.52661
500101120,0,2024-07-25 03:17:21,43,0,25.03164,121.52661
500101120,0,2024-07-25 03:18:21,43,0,25.03164,121.52661
500101120,0,2024-07-25 03:19:25,43,0,25.03164,121.52661
500101120,0,2024-07-25 03:20:27,43,0,25.03164,121.52661
500101120,0,2024-07-25 03:21:21,43,0,25.03164,121.52661
500101120,0,2024-07-25 03:22:22,43,0,25.03164,121.52661
500101120,0,2024-07-25 03:23:21,43,0,25.03164,121.52661
500101120,0,2024-07-25 03:24:22,43,0,25.03164,121.52661
500101120,0,2024-07-25 03:25:22,43,0,25.03164,121.52661
500101120,0,2024-07-25 03:26:21,43,0,25.03164,121.52661
500101120,0,2024-07-25 03:27:22,43,0,25.03164,121.52661
500101120,0,2024-07-25 03:28:22,43,0,25.03164,121.52661
500101120,0,2024-07-25 03:29:22,43,0,25.03164,121.52661
500101120,0,2024-07-25 03:30:27,43,0,25.03164,121.52661
500101120,0,2024-07-25 03:31:22,43,0,25.03164,121.52661
500101120,0,2024-07-25 03:32:21,43,0,25.03164,121.52661
500101120,0,2024-07-25 03:33:22,43,0,25.03164,121.52661
500101120,0,2024-07-25 03:34:22,43,0,25.03164,121.52661
500101120,0,2024-07-25 03:35:22,43,0,25.03164,121.52661
500101120,0,2024-07-25 03:36:22,43,0,25.03164,121.52661
500101120,0,2024-07-25 03:37:21,43,0,25.03164,121.52661
500101120,0,2024-07-25 03:38:21,43,0,25.03164,121.52661
500101120,0,2024-07-25 03:39:22,43,0,25.03164,121.52661
500101120,0,2024-07-25 03:40:27,43,0,25.03164,121.52661
500101120,0,2024-07-25 03:41:21,43,0,25.03164,121.52661
500101120,0,2024-07-25 03:42:22,43,0,25.03164,121.52661
500101120,0,2024-07-25 03:43:22,43,0,25.03164,121.52661
500101120,0,2024-07-25 03:44:21,43,0,25.03164,121.52661
500101120,0,2024-07-25 03:45:22,43,0,25.03164,121.52661
500101120,0,2024-07-25 03:46:25,43,0,25.03164,121.52661
500101120,0,2024-07-25 03:47:22,43,0,25.03164,121.52661
500101120,0,2024-07-25 03:48:21,43,0,25.03164,121.52661
500101120,0,2024-07-25 03:49:21,43,0,25.03164,121.52661
500101120,0,2024-07-25 03:50:27,43,0,25.03164,121.52661
500101120,0,2024-07-25 03:51:21,43,0,25.03164,121.52661
500101120,0,2024-07-25 03:52:21,43,0,25.03164,121.52661
500101120,0,2024-07-25 03:53:21,43,0,25.03164,121.52661
500101120,0,2024-07-25 03:54:21,43,0,25.03164,121.52661
500101120,0,2024-07-25 03:55:21,43,0,25.03164,121.52661
500101120,0,2024-07-25 03:56:21,43,0,25.03164,121.52661
500101120,0,2024-07-25 03:57:21,43,0,25.03164,121.52661
500101120,0,2024-07-25 03:58:21,43,0,25.03164,121.52661
500101120,0,2024-07-25 03:59:21,43,0,25.03164,121.52661
500101120,0,2024-07-25 04:00:27,43,0,25.03164,121.52661
500101120,0,2024-07-25 04:01:22,43,0,25.03164,121.52661
500101120,0,2024-07-25 04:02:22,43,0,25.03164,121.52661
500101120,0,2024-07-25 04:03:21,43,0,25.03164,121.52661
500101120,0,2024-07-25 04:04:21,43,0,25.03164,121.52661
500101120,0,2024-07-25 04:05:21,43,0,25.03164,121.52661
500101120,0,2024-07-25 04:06:22,43,0,25.03164,121.52661
500101120,0,2024-07-25 04:07:22,43,0,25.03164,121.52661
500101120,0,2024-07-25 04:08:21,43,0,25.03164,121.52661
500101120,0,2024-07-25 04:09:22,43,0,25.03164,121.52661
500101120,0,2024-07-25 04:10:27,43,0,25.03164,121.52661
500101120,0,2024-07-25 04:11:22,43,0,25.03164,121.52661
500101120,0,2024-07-25 04:12:21,43,0,25.03164,121.52661
500101120,0,2024-07-25 04:13:22,43,0,25.03164,121.52661
500101120,0,2024-07-25 04:14:22,43,0,25.03164,121.52661
500101120,0,2024-07-25 04:15:21,43,0,25.03164,121.52661
500101120,0,2024-07-25 04:16:22,43,0,25.03164,121.52661
500101120,0,2024-07-25 04:17:21,43,0,25.03164,121.52661
500101120,0,2024-07-25 04:18:21,43,0,25.03164,121.52661
500101120,0,2024-07-25 04:19:22,43,0,25.03164,121.52661
500101120,0,2024-07-25 04:20:27,43,0,25.03164,121.52661
500101120,0,2024-07-25 04:21:21,43,0,25.03164,121.52661
500101120,0,2024-07-25 04:22:21,43,0,25.03164,121.52661
500101120,0,2024-07-25 04:23:21,43,0,25.03164,121.52661
500101120,0,2024-07-25 04:24:21,43,0,25.03164,121.52661
500101120,0,2024-07-25 04:25:21,43,0,25.03164,121.52661
500101120,0,2024-07-25 04:26:21,43,0,25.03164,121.52661
500101120,0,2024-07-25 04:27:22,43,0,25.03164,121.52661
500101120,0,2024-07-25 04:28:22,43,0,25.03164,121.52661
500101120,0,2024-07-25 04:29:21,43,0,25.03164,121.52661
500101120,0,2024-07-25 04:30:27,43,0,25.03164,121.52661
500101120,0,2024-07-25 04:31:21,43,0,25.03164,121.52661
500101120,0,2024-07-25 04:32:22,43,0,25.03164,121.52661
500101120,0,2024-07-25 04:33:21,43,0,25.03164,121.52661
500101120,0,2024-07-25 04:34:22,43,0,25.03164,121.52661
500101120,0,2024-07-25 04:35:22,43,0,25.03164,121.52661
500101120,0,2024-07-25 04:36:21,43,0,25.03164,121.52661
500101120,0,2024-07-25 04:37:21,43,0,25.03164,121.52661
500101120,0,2024-07-25 04:38:21,43,0,25.03164,121.52661
500101120,0,2024-07-25 04:39:22,43,0,25.03164,121.52661
500101120,0,2024-07-25 04:40:27,43,0,25.03164,121.52661
500101120,0,2024-07-25 04:41:22,43,0,25.03164,121.52661
500101120,0,2024-07-25 04:42:22,43,0,25.03164,121.52661
500101120,0,2024-07-25 04:43:22,43,0,25.03164,121.52661
500101120,0,2024-07-25 04:44:21,43,0,25.03164,121.52661
500101120,0,2024-07-25 04:45:22,43,0,25.03164,121.52661
500101120,0,2024-07-25 04:46:21,43,0,25.03164,121.52661
500101120,0,2024-07-25 04:47:22,43,0,25.03164,121.52661
500101120,0,2024-07-25 04:48:21,43,0,25.03164,121.52661
500101120,0,2024-07-25 04:49:21,43,0,25.03164,121.52661
500101120,0,2024-07-25 04:50:27,43,0,25.03164,121.52661
500101120,0,2024-07-25 04:51:21,43,0,25.03164,121.52661
500101120,0,2024-07-25 04:52:21,43,0,25.03164,121.52661
500101120,0,2024-07-25 04:53:22,43,0,25.03164,121.52661
500101120,0,2024-07-25 04:54:21,43,0,25.03164,121.52661
500101120,0,2024-07-25 04:55:22,43,0,25.03164,121.52661
500101120,0,2024-07-25 04:56:22,43,0,25.03164,121.52661
500101120,0,2024-07-25 04:57:22,43,0,25.03164,121.52661
500101120,0,2024-07-25 04:58:21,43,0,25.03164,121.52661
500101120,0,2024-07-25 04:59:21,43,0,25.03164,121.52661
500101120,0,2024-07-25 05:00:27,43,0,25.03164,121.52661
500101120,0,2024-07-25 05:01:22,43,0,25.03164,121.52661
500101120,0,2024-07-25 05:02:21,43,0,25.03164,121.52661
500101120,0,2024-07-25 05:03:22,43,0,25.03164,121.52661
500101120,0,2024-07-25 05:04:22,43,0,25.03164,121.52661
500101120,0,2024-07-25 05:05:22,43,0,25.03164,121.52661
500101120,0,2024-07-25 05:06:22,43,0,25.03164,121.52661
500101120,0,2024-07-25 05:07:21,43,0,25.03164,121.52661
500101120,0,2024-07-25 05:08:22,43,0,25.03164,121.52661
500101120,0,2024-07-25 05:10:28,43,0,25.03164,121.52661
500101120,0,2024-07-25 05:11:21,43,0,25.03164,121.52661
500101120,0,2024-07-25 05:12:22,43,0,25.03164,121.52661
500101120,0,2024-07-25 05:13:21,43,0,25.03164,121.52661
500101120,0,2024-07-25 05:14:22,43,0,25.03164,121.52661
500101120,0,2024-07-25 05:15:21,43,0,25.03164,121.52661
500101120,0,2024-07-25 05:16:22,43,0,25.03164,121.52661
500101120,0,2024-07-25 05:17:21,43,0,25.03164,121.52661
500101120,0,2024-07-25 05:18:22,43,0,25.03164,121.52661
500101120,0,2024-07-25 05:19:22,43,0,25.03164,121.52661
500101120,0,2024-07-25 05:20:28,43,0,25.03164,121.52661
500101120,0,2024-07-25 05:21:22,43,0,25.03164,121.52661
500101120,0,2024-07-25 05:22:22,43,0,25.03164,121.52661
500101120,0,2024-07-25 05:23:21,43,0,25.03164,121.52661
500101120,0,2024-07-25 05:24:22,43,0,25.03164,121.52661
500101120,0,2024-07-25 05:25:22,43,0,25.03164,121.52661
500101120,0,2024-07-25 05:26:23,43,0,25.03164,121.52661
500101120,0,2024-07-25 05:27:22,43,0,25.03164,121.52661
500101120,0,2024-07-25 05:28:21,43,0,25.03164,121.52661
500101120,0,2024-07-25 05:29:21,43,0,25.03164,121.52661
500101120,0,2024-07-25 05:30:28,43,0,25.03164,121.52661
500101120,0,2024-07-25 05:31:22,43,0,25.03164,121.52661
500101120,0,2024-07-25 05:32:21,43,0,25.03164,121.52661
500101120,0,2024-07-25 05:33:22,43,0,25.03164,121.52661
500101120,0,2024-07-25 05:34:22,43,0,25.03164,121.52661
500101120,0,2024-07-25 05:35:21,43,0,25.03164,121.52661
500101120,0,2024-07-25 05:36:22,43,0,25.03164,121.52661
500101120,0,2024-07-25 05:37:22,43,0,25.03164,121.52661
500101120,0,2024-07-25 05:38:22,43,0,25.03164,121.52661
500101120,0,2024-07-25 05:39:22,43,0,25.03164,121.52661
500101120,0,2024-07-25 05:40:27,43,0,25.03164,121.52661
500101120,0,2024-07-25 05:41:21,43,0,25.03164,121.52661
500101120,0,2024-07-25 05:42:22,43,0,25.03164,121.52661
500101120,0,2024-07-25 05:43:21,43,0,25.03164,121.52661
500101120,0,2024-07-25 05:44:22,43,0,25.03164,121.52661
500101120,0,2024-07-25 05:45:21,43,0,25.03164,121.52661
500101120,0,2024-07-25 05:46:22,43,0,25.03164,121.52661
500101120,0,2024-07-25 05:47:22,43,0,25.03164,121.52661
500101120,0,2024-07-25 05:48:22,43,0,25.03164,121.52661
500101120,0,2024-07-25 05:49:21,43,0,25.03164,121.52661
500101120,0,2024-07-25 05:50:28,43,0,25.03164,121.52661
500101120,0,2024-07-25 05:51:22,43,0,25.03164,121.52661
500101120,0,2024-07-25 05:52:22,43,0,25.03164,121.52661
500101120,0,2024-07-25 05:53:21,43,0,25.03164,121.52661
500101120,0,2024-07-25 05:54:22,43,0,25.03164,121.52661
500101120,0,2024-07-25 05:55:21,43,0,25.03164,121.52661
500101120,0,2024-07-25 05:56:21,43,0,25.03164,121.52661
500101120,0,2024-07-25 05:57:21,43,0,25.03164,121.52661
500101120,0,2024-07-25 05:58:21,43,0,25.03164,121.52661
500101120,0,2024-07-25 05:59:21,43,0,25.03164,121.52661
500101120,0,2024-07-25 06:00:27,43,0,25.03164,121.52661
500101120,0,2024-07-25 06:01:21,43,0,25.03164,121.52661
500101120,0,2024-07-25 06:02:21,43,0,25.03164,121.52661
500101120,0,2024-07-25 06:03:21,43,0,25.03164,121.52661
500101120,0,2024-07-25 06:04:22,43,0,25.03164,121.52661
500101120,0,2024-07-25 06:05:21,43,0,25.03164,121.52661
500101120,0,2024-07-25 06:06:21,43,0,25.03164,121.52661
500101120,0,2024-07-25 06:07:22,43,0,25.03164,121.52661
500101120,0,2024-07-25 06:08:21,43,0,25.03164,121.52661
500101120,0,2024-07-25 06:09:21,43,0,25.03164,121.52661
500101120,0,2024-07-25 06:10:27,43,0,25.03164,121.52661
500101120,0,2024-07-25 06:11:21,43,0,25.03164,121.52661
500101120,0,2024-07-25 06:12:22,43,0,25.03164,121.52661
500101120,0,2024-07-25 06:13:22,43,0,25.03164,121.52661
500101120,0,2024-07-25 06:14:22,43,0,25.03164,121.52661
500101120,0,2024-07-25 06:15:22,43,0,25.03164,121.52661
500101120,0,2024-07-25 06:16:21,43,0,25.03164,121.52661
500101120,0,2024-07-25 06:17:22,43,0,25.03164,121.52661
500101120,0,2024-07-25 06:18:22,43,0,25.03164,121.52661
500101120,0,2024-07-25 06:19:21,43,0,25.03164,121.52661
500101120,0,2024-07-25 06:20:28,43,0,25.03164,121.52661
500101120,0,2024-07-25 06:21:22,43,0,25.03164,121.52661
500101120,0,2024-07-25 06:22:22,43,0,25.03164,121.52661
500101120,0,2024-07-25 06:23:22,43,0,25.03164,121.52661
500101120,0,2024-07-25 06:24:21,43,0,25.03164,121.52661
500101120,0,2024-07-25 06:25:22,43,0,25.03164,121.52661
500101120,0,2024-07-25 06:26:21,43,0,25.03164,121.52661
500101120,0,2024-07-25 06:27:21,43,0,25.03164,121.52661
500101120,0,2024-07-25 06:28:22,43,0,25.03164,121.52661
500101120,0,2024-07-25 06:29:22,43,0,25.03164,121.52661
500101120,0,2024-07-25 06:30:27,43,0,25.03164,121.52661
500101120,0,2024-07-25 06:31:21,43,0,25.03164,121.52661
500101120,0,2024-07-25 06:32:22,43,0,25.03164,121.52661
500101120,0,2024-07-25 06:33:22,43,0,25.03164,121.52661
500101120,0,2024-07-25 06:34:21,43,0,25.03164,121.52661
500101120,0,2024-07-25 06:35:22,43,0,25.03164,121.52661
500101120,0,2024-07-25 06:36:21,43,0,25.03164,121.52661
500101120,0,2024-07-25 06:37:22,43,0,25.03164,121.52661
500101120,0,2024-07-25 06:38:22,43,0,25.03164,121.52661
500101120,0,2024-07-25 06:39:21,43,0,25.03164,121.52661
500101120,0,2024-07-25 06:40:27,43,0,25.03164,121.52661
500101120,0,2024-07-25 06:41:21,43,0,25.03164,121.52661
500101120,0,2024-07-25 06:42:22,43,0,25.03164,121.52661
500101120,0,2024-07-25 06:43:21,43,0,25.03164,121.52661
500101120,0,2024-07-25 06:44:22,43,0,25.03164,121.52661
500101120,0,2024-07-25 06:45:22,43,0,25.03164,121.52661
500101120,0,2024-07-25 06:46:21,43,0,25.03164,121.52661
500101120,0,2024-07-25 06:47:22,43,0,25.03164,121.52661
500101120,0,2024-07-25 06:48:22,43,0,25.03164,121.52661
500101120,0,2024-07-25 06:49:22,43,0,25.03164,121.52661
500101120,0,2024-07-25 06:50:28,43,0,25.03164,121.52661
500101120,0,2024-07-25 06:51:21,43,0,25.03164,121.52661
500101120,0,2024-07-25 06:52:22,43,0,25.03164,121.52661
500101120,0,2024-07-25 06:53:21,43,0,25.03164,121.52661
500101120,0,2024-07-25 06:54:22,43,0,25.03164,121.52661
500101120,0,2024-07-25 06:55:22,43,0,25.03164,121.52661
500101120,0,2024-07-25 06:56:21,43,0,25.03164,121.52661
500101120,0,2024-07-25 06:57:22,43,0,25.03164,121.52661
500101120,0,2024-07-25 06:58:21,43,0,25.03164,121.52661
500101120,0,2024-07-25 06:59:21,43,0,25.03164,121.52661
500101120,0,2024-07-25 07:00:27,43,0,25.03164,121.52661
500101120,0,2024-07-25 07:01:22,43,0,25.03164,121.52661
500101120,0,2024-07-25 07:02:22,43,0,25.03164,121.52661
500101120,0,2024-07-25 07:03:21,43,0,25.03164,121.52661
500101120,0,2024-07-25 07:04:22,43,0,25.03164,121.52661
500101120,0,2024-07-25 07:05:21,43,0,25.03164,121.52661
500101120,0,2024-07-25 07:06:21,43,0,25.03164,121.52661
500101120,0,2024-07-25 07:07:21,43,0,25.03164,121.52661
500101120,0,2024-07-25 07:08:22,43,0,25.03164,121.52661
500101120,0,2024-07-25 07:09:22,43,0,25.03164,121.52661
500101120,0,2024-07-25 07:10:27,43,0,25.03164,121.52661
500101120,0,2024-07-25 07:11:22,43,0,25.03164,121.52661
500101120,0,2024-07-25 07:12:22,43,0,25.03164,121.52661
500101120,0,2024-07-25 07:13:22,43,0,25.03164,121.52661
500101120,0,2024-07-25 07:14:21,43,0,25.03164,121.52661
500101120,0,2024-07-25 07:15:22,43,0,25.03164,121.52661
500101120,0,2024-07-25 07:16:21,43,0,25.03164,121.52661
500101120,0,2024-07-25 07:17:22,43,0,25.03164,121.52661
500101120,0,2024-07-25 07:18:21,43,0,25.03164,121.52661
500101120,0,2024-07-25 07:19:22,43,0,25.03164,121.52661
500101120,0,2024-07-25 07:20:26,43,0,25.03164,121.52661
500101120,0,2024-07-25 07:21:21,43,0,25.03164,121.52661
500101120,0,2024-07-25 07:22:22,43,0,25.03164,121.52661
500101120,0,2024-07-25 07:23:21,43,0,25.03164,121.52661
500101120,0,2024-07-25 07:24:22,43,0,25.03164,121.52661
500101120,0,2024-07-25 07:25:22,43,0,25.03164,121.52661
500101120,0,2024-07-25 07:26:22,43,0,25.03164,121.52661
500101120,0,2024-07-25 07:27:21,43,0,25.03164,121.52661
500101120,0,2024-07-25 07:28:21,43,0,25.03164,121.52661
500101120,0,2024-07-25 07:29:21,43,0,25.03164,121.52661
500101120,0,2024-07-25 07:30:28,43,0,25.03164,121.52661
500101120,0,2024-07-25 07:31:21,43,0,25.03164,121.52661
500101120,0,2024-07-25 07:32:22,43,0,25.03164,121.52661
500101120,0,2024-07-25 07:33:21,43,0,25.03164,121.52661
500101120,0,2024-07-25 07:34:21,43,0,25.03164,121.52661
500101120,0,2024-07-25 07:35:22,43,0,25.03164,121.52661
500101120,0,2024-07-25 07:36:22,43,0,25.03164,121.52661
500101120,0,2024-07-25 07:37:22,43,0,25.03164,121.52661
500101120,0,2024-07-25 07:38:21,43,0,25.03164,121.52661
500101120,0,2024-07-25 07:39:22,43,0,25.03164,121.52661
500101120,0,2024-07-25 07:40:28,43,0,25.03164,121.52661
500101120,0,2024-07-25 07:41:21,43,0,25.03164,121.52661
500101120,0,2024-07-25 07:42:22,43,0,25.03164,121.52661
500101120,0,2024-07-25 07:43:21,43,0,25.03164,121.52661
500101120,0,2024-07-25 07:44:22,43,0,25.03164,121.52661
500101120,0,2024-07-25 07:45:22,43,0,25.03164,121.52661
500101120,0,2024-07-25 07:46:21,43,0,25.03164,121.52661
500101120,0,2024-07-25 07:47:22,43,0,25.03164,121.52661
500101120,0,2024-07-25 07:48:22,43,0,25.03164,121.52661
500101120,0,2024-07-25 07:49:22,43,0,25.03164,121.52661
500101120,0,2024-07-25 07:50:27,43,0,25.03164,121.52661
500101120,0,2024-07-25 07:51:22,43,0,25.03164,121.52661
500101120,0,2024-07-25 07:52:22,43,0,25.03164,121.52661
500101120,0,2024-07-25 07:53:21,43,0,25.03164,121.52661
500101120,0,2024-07-25 07:54:22,43,0,25.03164,121.52661
500101120,0,2024-07-25 07:55:21,43,0,25.03164,121.52661
500101120,0,2024-07-25 07:56:22,43,0,25.03164,121.52661
500101120,0,2024-07-25 07:57:21,43,0,25.03164,121.52661
500101120,0,2024-07-25 07:58:21,43,0,25.03164,121.52661
500101120,0,2024-07-25 07:59:21,43,0,25.03164,121.52661
500101120,0,2024-07-25 08:00:28,43,0,25.03164,121.52661
500101120,0,2024-07-25 08:01:22,43,0,25.03164,121.52661
500101120,0,2024-07-25 08:02:21,43,0,25.03164,121.52661
500101120,0,2024-07-25 08:03:21,43,0,25.03164,121.52661
500101120,0,2024-07-25 08:04:22,43,0,25.03164,121.52661
500101120,0,2024-07-25 08:05:22,43,0,25.03164,121.52661
500101120,0,2024-07-25 08:06:22,43,0,25.03164,121.52661
500101120,0,2024-07-25 08:07:22,43,0,25.03164,121.52661
500101120,0,2024-07-25 08:08:22,43,0,25.03164,121.52661
500101120,0,2024-07-25 08:09:21,43,0,25.03164,121.52661
500101120,0,2024-07-25 08:11:22,43,0,25.03164,121.52661
500101120,0,2024-07-25 08:12:22,43,0,25.03164,121.52661
500101120,0,2024-07-25 08:13:21,43,0,25.03164,121.52661
500101120,0,2024-07-25 08:14:22,43,0,25.03164,121.52661
500101120,0,2024-07-25 08:15:21,43,0,25.03164,121.52661
500101120,0,2024-07-25 08:16:21,43,0,25.03164,121.52661
500101120,0,2024-07-25 08:16:21,43,0,25.03164,121.52661
500101120,0,2024-07-25 08:18:21,43,0,25.03164,121.52661
500101120,0,2024-07-25 08:19:22,43,0,25.03164,121.52661
500101120,0,2024-07-25 08:20:27,43,0,25.03164,121.52661
500101120,0,2024-07-25 08:21:21,43,0,25.03164,121.52661
500101120,0,2024-07-25 08:22:21,43,0,25.03164,121.52661
500101120,0,2024-07-25 08:23:22,43,0,25.03164,121.52661
500101120,0,2024-07-25 08:24:22,43,0,25.03164,121.52661
500101120,0,2024-07-25 08:25:22,43,0,25.03164,121.52661
500101120,0,2024-07-25 08:26:21,43,0,25.03164,121.52661
500101120,0,2024-07-25 08:27:22,43,0,25.03164,121.52661
500101120,0,2024-07-25 08:28:22,43,0,25.03164,121.52661
500101120,0,2024-07-25 08:29:22,43,0,25.03164,121.52661
500101120,0,2024-07-25 08:30:27,43,0,25.03164,121.52661
500101120,0,2024-07-25 08:31:21,43,0,25.03164,121.52661
500101120,0,2024-07-25 08:32:22,43,0,25.03164,121.52661
500101120,0,2024-07-25 08:33:21,43,0,25.03164,121.52661
500101120,0,2024-07-25 08:34:22,43,0,25.03164,121.52661
500101120,0,2024-07-25 08:35:22,43,0,25.03164,121.52661
500101120,0,2024-07-25 08:36:21,43,0,25.03164,121.52661
500101120,0,2024-07-25 08:37:22,43,0,25.03164,121.52661
500101120,0,2024-07-25 08:38:22,43,0,25.03164,121.52661
500101120,0,2024-07-25 08:39:22,43,0,25.03164,121.52661
500101120,0,2024-07-25 08:40:27,43,0,25.03164,121.52661
500101120,0,2024-07-25 08:41:22,43,0,25.03164,121.52661
500101120,0,2024-07-25 08:42:21,43,0,25.03164,121.52661
500101120,0,2024-07-25 08:43:22,43,0,25.03164,121.52661
500101120,0,2024-07-25 08:44:21,43,0,25.03164,121.52661
500101120,0,2024-07-25 08:45:22,43,0,25.03164,121.52661
500101120,0,2024-07-25 08:46:21,43,0,25.03164,121.52661
500101120,0,2024-07-25 08:47:21,43,0,25.03164,121.52661
500101120,0,2024-07-25 08:48:22,43,0,25.03164,121.52661
500101120,0,2024-07-25 08:49:22,43,0,25.03164,121.52661
500101120,0,2024-07-25 08:50:27,43,0,25.03164,121.52661
500101120,0,2024-07-25 08:51:22,43,0,25.03164,121.52661
500101120,0,2024-07-25 08:52:22,43,0,25.03164,121.52661
500101120,0,2024-07-25 08:53:21,43,0,25.03164,121.52661
500101120,0,2024-07-25 08:54:22,43,0,25.03164,121.52661
500101120,0,2024-07-25 08:55:21,43,0,25.03164,121.52661
500101120,0,2024-07-25 08:56:21,43,0,25.03164,121.52661
500101120,0,2024-07-25 08:57:21,43,0,25.03164,121.52661
500101120,0,2024-07-25 08:58:22,43,0,25.03164,121.52661
500101120,0,2024-07-25 08:59:22,43,0,25.03164,121.52661
500101120,0,2024-07-25 09:00:27,43,0,25.03164,121.52661
500101120,0,2024-07-25 09:01:22,43,0,25.03164,121.52661
500101120,0,2024-07-25 09:02:22,43,0,25.03164,121.52661
500101120,0,2024-07-25 09:03:22,43,0,25.03164,121.52661
500101120,0,2024-07-25 09:04:22,43,0,25.03164,121.52661
500101120,0,2024-07-25 09:05:21,43,0,25.03164,121.52661
500101120,0,2024-07-25 09:06:21,43,0,25.03164,121.52661
500101120,0,2024-07-25 09:07:21,43,0,25.03164,121.52661
500101120,0,2024-07-25 09:08:22,43,0,25.03164,121.52661
500101120,0,2024-07-25 09:09:22,43,0,25.03164,121.52661
500101120,0,2024-07-25 09:10:27,43,0,25.03164,121.52661
500101120,0,2024-07-25 09:11:22,43,0,25.03164,121.52661
500101120,0,2024-07-25 09:12:22,43,0,25.03164,121.52661
500101120,0,2024-07-25 09:13:21,43,0,25.03164,121.52661
500101120,0,2024-07-25 09:14:21,43,0,25.03164,121.52661
500101120,0,2024-07-25 09:15:22,43,0,25.03164,121.52661
500101120,0,2024-07-25 09:16:22,43,0,25.03164,121.52661
500101120,0,2024-07-25 09:17:21,43,0,25.03164,121.52661
500101120,0,2024-07-25 09:18:22,43,0,25.03164,121.52661
500101120,0,2024-07-25 09:19:22,43,0,25.03164,121.52661
500101120,0,2024-07-25 09:20:28,43,0,25.03164,121.52661
500101120,0,2024-07-25 09:21:22,43,0,25.03164,121.52661
500101120,0,2024-07-25 09:22:21,43,0,25.03164,121.52661
500101120,0,2024-07-25 09:23:22,43,0,25.03164,121.52661
500101120,0,2024-07-25 09:24:21,43,0,25.03164,121.52661
500101120,0,2024-07-25 09:25:21,43,0,25.03164,121.52661
500101120,0,2024-07-25 09:26:22,43,0,25.03164,121.52661
500101120,0,2024-07-25 09:27:22,43,0,25.03164,121.52661
500101120,0,2024-07-25 09:28:22,43,0,25.03164,121.52661
500101120,0,2024-07-25 09:29:21,43,0,25.03164,121.52661
500101120,0,2024-07-25 09:30:28,43,0,25.03164,121.52661
500101120,0,2024-07-25 09:31:22,43,0,25.03164,121.52661
500101120,0,2024-07-25 09:32:21,43,0,25.03164,121.52661
500101120,0,2024-07-25 09:33:22,43,0,25.03164,121.52661
500101120,0,2024-07-25 09:34:22,43,0,25.03164,121.52661
500101120,0,2024-07-25 09:35:22,43,0,25.03164,121.52661
500101120,0,2024-07-25 09:36:21,43,0,25.03164,121.52661
500101120,0,2024-07-25 09:37:21,43,0,25.03164,121.52661
500101120,0,2024-07-25 09:38:21,43,0,25.03164,121.52661
500101120,0,2024-07-25 09:39:22,43,0,25.03164,121.52661
500101120,0,2024-07-25 09:40:28,43,0,25.03164,121.52661
500101120,0,2024-07-25 09:41:22,43,0,25.03164,121.52661
500101120,0,2024-07-25 09:42:21,43,0,25.03164,121.52661
500101120,0,2024-07-25 09:43:22,43,0,25.03164,121.52661
500101120,0,2024-07-25 09:44:22,43,0,25.03164,121.52661
500101120,0,2024-07-25 09:45:21,43,0,25.03164,121.52661
500101120,0,2024-07-25 09:46:21,43,0,25.03164,121.52661
500101120,0,2024-07-25 09:47:22,43,0,25.03164,121.52661
500101120,0,2024-07-25 09:48:22,43,0,25.03164,121.52661
500101120,0,2024-07-25 09:49:21,43,0,25.03164,121.52661
500101120,0,2024-07-25 09:50:27,43,0,25.03164,121.52661
500101120,0,2024-07-25 09:51:22,43,0,25.03164,121.52661
500101120,0,2024-07-25 09:52:22,43,0,25.03164,121.52661
500101120,0,2024-07-25 09:53:22,43,0,25.03164,121.52661
500101120,0,2024-07-25 09:54:21,43,0,25.03164,121.52661
500101120,0,2024-07-25 09:55:22,43,0,25.03164,121.52661
500101120,0,2024-07-25 09:56:22,43,0,25.03164,121.52661
500101120,0,2024-07-25 09:57:22,43,0,25.03164,121.52661
500101120,0,2024-07-25 09:58:22,43,0,25.03164,121.52661
500101120,0,2024-07-25 09:59:22,43,0,25.03164,121.52661
500101120,0,2024-07-25 10:00:27,43,0,25.03164,121.52661
500101120,0,2024-07-25 10:01:22,43,0,25.03164,121.52661
500101120,0,2024-07-25 10:02:22,43,0,25.03164,121.52661
500101120,0,2024-07-25 10:03:22,43,0,25.03164,121.52661
500101120,0,2024-07-25 10:04:25,43,0,25.03164,121.52661
500101120,0,2024-07-25 10:05:22,43,0,25.03164,121.52661
500101120,0,2024-07-25 10:06:21,43,0,25.03164,121.52661
500101120,0,2024-07-25 10:07:22,43,0,25.03164,121.52661
500101120,0,2024-07-25 10:08:21,43,0,25.03164,121.52661
500101120,0,2024-07-25 10:09:21,43,0,25.03164,121.52661
500101120,0,2024-07-25 10:10:27,43,0,25.03164,121.52661
500101120,0,2024-07-25 10:11:22,43,0,25.03164,121.52661
500101120,0,2024-07-25 10:12:22,43,0,25.03164,121.52661
500101120,0,2024-07-25 10:13:22,43,0,25.03164,121.52661
500101120,0,2024-07-25 10:14:22,43,0,25.03164,121.52661
500101120,0,2024-07-25 10:15:22,43,0,25.03164,121.52661
500101120,0,2024-07-25 10:16:22,43,0,25.03164,121.52661
500101120,0,2024-07-25 10:17:21,43,0,25.03164,121.52661
500101120,0,2024-07-25 10:18:21,43,0,25.03164,121.52661
500101120,0,2024-07-25 10:19:22,43,0,25.03164,121.52661
500101120,0,2024-07-25 10:20:28,43,0,25.03164,121.52661
500101120,0,2024-07-25 10:21:22,43,0,25.03164,121.52661
500101120,0,2024-07-25 10:22:21,43,0,25.03164,121.52661
500101120,0,2024-07-25 10:23:22,43,0,25.03164,121.52661
500101120,0,2024-07-25 10:24:22,43,0,25.03164,121.52661
500101120,0,2024-07-25 10:25:22,43,0,25.03164,121.52661
500101120,0,2024-07-25 10:26:22,43,0,25.03164,121.52661
500101120,0,2024-07-25 10:27:22,43,0,25.03164,121.52661
500101120,0,2024-07-25 10:28:22,43,0,25.03164,121.52661
500101120,0,2024-07-25 10:29:22,43,0,25.03164,121.52661
500101120,0,2024-07-25 10:30:27,43,0,25.03164,121.52661
500101120,0,2024-07-25 10:31:21,43,0,25.03164,121.52661
500101120,0,2024-07-25 10:32:21,43,0,25.03164,121.52661
500101120,0,2024-07-25 10:33:21,43,0,25.03164,121.52661
500101120,0,2024-07-25 10:34:22,43,0,25.03164,121.52661
500101120,0,2024-07-25 10:35:21,43,0,25.03164,121.52661
500101120,0,2024-07-25 10:36:21,43,0,25.03164,121.52661
500101120,0,2024-07-25 10:37:22,43,0,25.03164,121.52661
500101120,0,2024-07-25 10:38:22,43,0,25.03164,121.52661
500101120,0,2024-07-25 10:39:22,43,0,25.03164,121.52661
500101120,0,2024-07-25 10:40:28,43,0,25.03164,121.52661
500101120,0,2024-07-25 10:41:22,43,0,25.03164,121.52661
500101120,0,2024-07-25 10:42:22,43,0,25.03164,121.52661
500101120,0,2024-07-25 10:43:22,43,0,25.03164,121.52661
500101120,0,2024-07-25 10:44:22,43,0,25.03164,121.52661
500101120,0,2024-07-25 10:45:22,43,0,25.03164,121.52661
500101120,0,2024-07-25 10:46:21,43,0,25.03164,121.52661
500101120,0,2024-07-25 10:47:22,43,0,25.03164,121.52661
500101120,0,2024-07-25 10:48:22,43,0,25.03164,121.52661
500101120,0,2024-07-25 10:49:22,43,0,25.03164,121.52661
500101120,0,2024-07-25 10:50:27,43,0,25.03164,121.52661
500101120,0,2024-07-25 10:51:21,43,0,25.03164,121.52661
500101120,0,2024-07-25 10:52:22,43,0,25.03164,121.52661
500101120,0,2024-07-25 10:53:21,43,0,25.03164,121.52661
500101120,0,2024-07-25 10:54:22,43,0,25.03164,121.52661
500101120,0,2024-07-25 10:55:22,43,0,25.03164,121.52661
500101120,0,2024-07-25 10:56:21,43,0,25.03164,121.52661
500101120,0,2024-07-25 10:57:21,43,0,25.03164,121.52661
500101120,0,2024-07-25 10:58:22,43,0,25.03164,121.52661
500101120,0,2024-07-25 10:59:21,43,0,25.03164,121.52661
500101120,0,2024-07-25 11:00:28,43,0,25.03164,121.52661
500101120,0,2024-07-25 11:01:22,43,0,25.03164,121.52661
500101120,0,2024-07-25 11:02:22,43,0,25.03164,121.52661
500101120,0,2024-07-25 11:03:22,43,0,25.03164,121.52661
500101120,0,2024-07-25 11:04:21,43,0,25.03164,121.52661
500101120,0,2024-07-25 11:05:22,43,0,25.03164,121.52661
500101120,0,2024-07-25 11:06:22,43,0,25.03164,121.52661
500101120,0,2024-07-25 11:07:22,43,0,25.03164,121.52661
500101120,0,2024-07-25 11:08:22,43,0,25.03164,121.52661
500101120,0,2024-07-25 11:10:28,43,0,25.03164,121.52661
500101120,0,2024-07-25 11:11:21,43,0,25.03164,121.52661
500101120,0,2024-07-25 11:12:21,43,0,25.03164,121.52661
500101120,0,2024-07-25 11:13:21,43,0,25.03164,121.52661
500101120,0,2024-07-25 11:14:22,43,0,25.03164,121.52661
500101120,0,2024-07-25 11:15:21,43,0,25.03164,121.52661
500101120,0,2024-07-25 11:16:22,43,0,25.03164,121.52661
500101120,0,2024-07-25 11:17:22,43,0,25.03164,121.52661
500101120,0,2024-07-25 11:18:21,43,0,25.03164,121.52661
500101120,0,2024-07-25 11:19:21,43,0,25.03164,121.52661
500101120,0,2024-07-25 11:20:28,43,0,25.03164,121.52661
500101120,0,2024-07-25 11:21:22,43,0,25.03164,121.52661
500101120,0,2024-07-25 11:22:22,43,0,25.03164,121.52661
500101120,0,2024-07-25 11:23:21,43,0,25.03164,121.52661
500101120,0,2024-07-25 11:24:22,43,0,25.03164,121.52661
500101120,0,2024-07-25 11:25:22,43,0,25.03164,121.52661
500101120,0,2024-07-25 11:26:22,43,0,25.03164,121.52661
500101120,0,2024-07-25 11:27:21,43,0,25.03164,121.52661
500101120,0,2024-07-25 11:28:22,43,0,25.03164,121.52661
500101120,0,2024-07-25 11:29:21,43,0,25.03164,121.52661
500101120,0,2024-07-25 11:30:27,43,0,25.03164,121.52661
500101120,0,2024-07-25 11:31:22,43,0,25.03164,121.52661
500101120,0,2024-07-25 11:32:21,43,0,25.03164,121.52661
500101120,0,2024-07-25 11:33:22,43,0,25.03164,121.52661
500101120,0,2024-07-25 11:34:22,43,0,25.03164,121.52661
500101120,0,2024-07-25 11:35:22,43,0,25.03164,121.52661
500101120,0,2024-07-25 11:36:21,43,0,25.03164,121.52661
500101120,0,2024-07-25 11:37:22,43,0,25.03164,121.52661
500101120,0,2024-07-25 11:38:21,43,0,25.03164,121.52661
500101120,0,2024-07-25 11:39:22,43,0,25.03164,121.52661
500101120,0,2024-07-25 11:40:28,43,0,25.03164,121.52661
500101120,0,2024-07-25 11:41:22,43,0,25.03164,121.52661
500101120,0,2024-07-25 11:42:22,43,0,25.03164,121.52661
500101120,0,2024-07-25 11:43:22,43,0,25.03164,121.52661
500101120,0,2024-07-25 11:44:21,43,0,25.03164,121.52661
500101120,0,2024-07-25 11:45:21,43,0,25.03164,121.52661
500101120,0,2024-07-25 11:46:22,43,0,25.03164,121.52661
500101120,0,2024-07-25 11:47:21,43,0,25.03164,121.52661
500101120,0,2024-07-25 11:48:21,43,0,25.03164,121.52661
500101120,0,2024-07-25 11:49:21,43,0,25.03164,121.52661
500101120,0,2024-07-25 11:50:28,43,0,25.03164,121.52661
500101120,0,2024-07-25 11:51:22,43,0,25.03164,121.52661
500101120,0,2024-07-25 11:52:22,43,0,25.03164,121.52661
500101120,0,2024-07-25 11:53:22,43,0,25.03164,121.52661
500101120,0,2024-07-25 11:54:21,43,0,25.03164,121.52661
500101120,0,2024-07-25 11:55:22,43,0,25.03164,121.52661
500101120,0,2024-07-25 11:56:22,43,0,25.03164,121.52661
500101120,0,2024-07-25 11:57:22,43,0,25.03164,121.52661
500101120,0,2024-07-25 11:58:22,43,0,25.03164,121.52661
500101120,0,2024-07-25 11:59:22,43,0,25.03164,121.52661
500101120,0,2024-07-25 12:00:27,43,0,25.03164,121.52661
500101120,0,2024-07-25 12:01:22,43,0,25.03164,121.52661
500101120,0,2024-07-25 12:02:21,43,0,25.03164,121.52661
500101120,0,2024-07-25 12:03:21,43,0,25.03164,121.52661
500101120,0,2024-07-25 12:04:22,43,0,25.03164,121.52661
500101120,0,2024-07-25 12:05:22,43,0,25.03164,121.52661
500101120,0,2024-07-25 12:06:22,43,0,25.03164,121.52661
500101120,0,2024-07-25 12:07:22,43,0,25.03164,121.52661
500101120,0,2024-07-25 12:08:22,43,0,25.03164,121.52661
500101120,0,2024-07-25 12:09:21,43,0,25.03164,121.52661
500101120,0,2024-07-25 12:10:27,43,0,25.03164,121.52661
500101120,0,2024-07-25 12:11:22,43,0,25.03164,121.52661
500101120,0,2024-07-25 12:12:22,43,0,25.03164,121.52661
500101120,0,2024-07-25 12:13:22,43,0,25.03164,121.52661
500101120,0,2024-07-25 12:14:21,43,0,25.03164,121.52661
500101120,0,2024-07-25 12:15:21,43,0,25.03164,121.52661
500101120,0,2024-07-25 12:16:21,43,0,25.03164,121.52661
500101120,0,2024-07-25 12:17:22,43,0,25.03164,121.52661
500101120,0,2024-07-25 12:18:21,43,0,25.03164,121.52661
500101120,0,2024-07-25 12:19:22,43,0,25.03164,121.52661
500101120,0,2024-07-25 12:20:27,43,0,25.03164,121.52661
500101120,0,2024-07-25 12:21:21,43,0,25.03164,121.52661
500101120,0,2024-07-25 12:22:22,43,0,25.03164,121.52661
500101120,0,2024-07-25 12:23:22,43,0,25.03164,121.52661
500101120,0,2024-07-25 12:24:21,43,0,25.03164,121.52661
500101120,0,2024-07-25 12:25:21,43,0,25.03164,121.52661
500101120,0,2024-07-25 12:26:22,43,0,25.03164,121.52661
500101120,0,2024-07-25 12:27:22,43,0,25.03164,121.52661
500101120,0,2024-07-25 12:28:22,43,0,25.03164,121.52661
500101120,0,2024-07-25 12:29:21,43,0,25.03164,121.52661
500101120,0,2024-07-25 12:30:28,43,0,25.03164,121.52661
500101120,0,2024-07-25 12:31:22,43,0,25.03164,121.52661
500101120,0,2024-07-25 12:32:22,43,0,25.03164,121.52661
500101120,0,2024-07-25 12:33:21,43,0,25.03164,121.52661
500101120,0,2024-07-25 12:34:22,43,0,25.03164,121.52661
500101120,0,2024-07-25 12:35:22,43,0,25.03164,121.52661
500101120,0,2024-07-25 12:36:22,43,0,25.03164,121.52661
500101120,0,2024-07-25 12:37:22,43,0,25.03164,121.52661
500101120,0,2024-07-25 12:38:22,43,0,25.03164,121.52661
500101120,0,2024-07-25 12:39:22,43,0,25.03164,121.52661
500101120,0,2024-07-25 12:40:28,43,0,25.03164,121.52661
500101120,0,2024-07-25 12:41:22,43,0,25.03164,121.52661
500101120,0,2024-07-25 12:42:21,43,0,25.03164,121.52661
500101120,0,2024-07-25 12:43:21,43,0,25.03164,121.52661
500101120,0,2024-07-25 12:44:22,43,0,25.03164,121.52661
500101120,0,2024-07-25 12:45:22,43,0,25.03164,121.52661
500101120,0,2024-07-25 12:46:21,43,0,25.03164,121.52661
500101120,0,2024-07-25 12:47:21,43,0,25.03164,121.52661
500101120,0,2024-07-25 12:48:22,43,0,25.03164,121.52661
500101120,0,2024-07-25 12:49:22,43,0,25.03164,121.52661
500101120,0,2024-07-25 12:50:28,43,0,25.03164,121.52661
500101120,0,2024-07-25 12:51:21,43,0,25.03164,121.52661
500101120,0,2024-07-25 12:52:22,43,0,25.03164,121.52661
500101120,0,2024-07-25 12:53:21,43,0,25.03164,121.52661
500101120,0,2024-07-25 12:54:22,43,0,25.03164,121.52661
500101120,0,2024-07-25 12:55:22,43,0,25.03164,121.52661
500101120,0,2024-07-25 12:56:21,43,0,25.03164,121.52661
500101120,0,2024-07-25 12:59:22,43,0,25.03164,121.52661
500101120,0,2024-07-25 13:00:28,43,0,25.03164,121.52661
500101120,0,2024-07-25 13:01:22,43,0,25.03164,121.52661
500101120,0,2024-07-25 13:02:22,43,0,25.03164,121.52661
500101120,0,2024-07-25 13:03:22,43,0,25.03164,121.52661
500101120,0,2024-07-25 13:04:21,43,0,25.03164,121.52661
500101120,0,2024-07-25 13:05:23,43,0,25.03164,121.52661
500101120,0,2024-07-25 13:06:22,43,0,25.03164,121.52661
500101120,0,2024-07-25 13:07:22,43,0,25.03164,121.52661
500101120,0,2024-07-25 13:08:21,43,0,25.03164,121.52661
500101120,0,2024-07-25 13:09:21,43,0,25.03164,121.52661
500101120,0,2024-07-25 13:10:28,43,0,25.03164,121.52661
500101120,0,2024-07-25 13:11:22,43,0,25.03164,121.52661
500101120,0,2024-07-25 13:12:21,43,0,25.03164,121.52661
500101120,0,2024-07-25 13:13:21,43,0,25.03164,121.52661
500101120,0,2024-07-25 13:14:22,43,0,25.03164,121.52661
500101120,0,2024-07-25 13:15:22,43,0,25.03164,121.52661
500101120,0,2024-07-25 13:16:22,43,0,25.03164,121.52661
500101120,0,2024-07-25 13:17:21,43,0,25.03164,121.52661
500101120,0,2024-07-25 13:18:22,43,0,25.03164,121.52661
500101120,0,2024-07-25 13:19:22,43,0,25.03164,121.52661
500101120,0,2024-07-25 13:20:28,43,0,25.03164,121.52661
500101120,0,2024-07-25 13:21:21,43,0,25.03164,121.52661
500101120,0,2024-07-25 13:22:22,43,0,25.03164,121.52661
500101120,0,2024-07-25 13:23:21,43,0,25.03164,121.52661
500101120,0,2024-07-25 13:24:22,43,0,25.03164,121.52661
500101120,0,2024-07-25 13:25:22,43,0,25.03164,121.52661
500101120,0,2024-07-25 13:26:22,43,0,25.03164,121.52661
500101120,0,2024-07-25 13:27:21,43,0,25.03164,121.52661
500101120,0,2024-07-25 13:28:22,43,0,25.03164,121.52661
500101120,0,2024-07-25 13:29:22,43,0,25.03164,121.52661
500101120,0,2024-07-25 13:30:28,43,0,25.03164,121.52661
500101120,0,2024-07-25 13:31:21,43,0,25.03164,121.52661
500101120,0,2024-07-25 13:32:21,43,0,25.03164,121.52661
500101120,0,2024-07-25 13:33:21,43,0,25.03164,121.52661
500101120,0,2024-07-25 13:34:22,43,0,25.03164,121.52661
500101120,0,2024-07-25 13:35:21,43,0,25.03164,121.52661
500101120,0,2024-07-25 13:36:21,43,0,25.03164,121.52661
500101120,0,2024-07-25 13:37:21,43,0,25.03164,121.52661
500101120,0,2024-07-25 13:38:22,43,0,25.03164,121.52661
500101120,0,2024-07-25 13:39:21,43,0,25.03164,121.52661
500101120,0,2024-07-25 13:40:27,43,0,25.03164,121.52661
500101120,0,2024-07-25 13:41:21,43,0,25.03164,121.52661
500101120,0,2024-07-25 13:42:21,43,0,25.03164,121.52661
500101120,0,2024-07-25 13:43:22,43,0,25.03164,121.52661
500101120,0,2024-07-25 13:44:22,43,0,25.03164,121.52661
500101120,0,2024-07-25 13:45:21,43,0,25.03164,121.52661
500101120,0,2024-07-25 13:46:21,43,0,25.03164,121.52661
500101120,0,2024-07-25 13:47:21,43,0,25.03164,121.52661
500101120,0,2024-07-25 13:48:22,43,0,25.03164,121.52661
500101120,0,2024-07-25 13:49:21,43,0,25.03164,121.52661
500101120,0,2024-07-25 13:50:28,43,0,25.03164,121.52661
500101120,0,2024-07-25 13:51:22,43,0,25.03164,121.52661
500101120,0,2024-07-25 13:52:22,43,0,25.03164,121.52661
500101120,0,2024-07-25 13:53:21,43,0,25.03164,121.52661
500101120,0,2024-07-25 13:54:21,43,0,25.03164,121.52661
500101120,0,2024-07-25 13:55:22,43,0,25.03164,121.52661
500101120,0,2024-07-25 13:57:22,43,0,25.03164,121.52661
500101120,0,2024-07-25 13:58:21,43,0,25.03164,121.52661
500101120,0,2024-07-25 13:59:22,43,0,25.03164,121.52661
500101120,0,2024-07-25 14:00:28,43,0,25.03164,121.52661
500101120,0,2024-07-25 14:01:22,43,0,25.03164,121.52661
500101120,0,2024-07-25 14:02:21,43,0,25.03164,121.52661
