sno,act,srcUpdateTime,total,latitude,longitude,available_return_bikes
500101243,1,2024-07-22 21:41:24,21,25.04159,121.5378,20
500101243,1,2024-07-22 21:41:24,21,25.04159,121.5378,20
500101243,1,2024-07-22 21:42:24,21,25.04159,121.5378,20
500101243,1,2024-07-22 21:43:24,21,25.04159,121.5378,20
500101243,1,2024-07-22 21:44:24,21,25.04159,121.5378,20
500101243,1,2024-07-22 21:45:24,21,25.04159,121.5378,20
500101243,1,2024-07-22 21:46:24,21,25.04159,121.5378,20
500101243,1,2024-07-22 21:47:24,21,25.04159,121.5378,21
500101243,1,2024-07-22 21:48:24,21,25.04159,121.5378,21
500101243,1,2024-07-22 21:49:24,21,25.04159,121.5378,20
500101243,1,2024-07-22 21:50:31,21,25.04159,121.5378,20
500101243,1,2024-07-22 21:51:24,21,25.04159,121.5378,20
500101243,1,2024-07-22 21:52:24,21,25.04159,121.5378,20
500101243,1,2024-07-22 21:53:24,21,25.04159,121.5378,20
500101243,1,2024-07-22 21:54:24,21,25.04159,121.5378,20
500101243,1,2024-07-22 21:55:23,21,25.04159,121.5378,20
500101243,1,2024-07-22 21:56:24,21,25.04159,121.5378,19
500101243,1,2024-07-22 21:57:24,21,25.04159,121.5378,19
500101243,1,2024-07-22 21:58:24,21,25.04159,121.5378,19
500101243,1,2024-07-22 21:59:24,21,25.04159,121.5378,20
500101243,1,2024-07-22 22:00:31,21,25.04159,121.5378,20
500101243,1,2024-07-22 22:01:24,21,25.04159,121.5378,20
500101243,1,2024-07-22 22:02:24,21,25.04159,121.5378,20
500101243,1,2024-07-22 22:03:24,21,25.04159,121.5378,20
500101243,1,2024-07-22 22:04:24,21,25.04159,121.5378,20
500101243,1,2024-07-22 22:05:24,21,25.04159,121.5378,19
500101243,1,2024-07-22 22:06:24,21,25.04159,121.5378,19
500101243,1,2024-07-22 22:07:24,21,25.04159,121.5378,19
500101243,1,2024-07-22 22:08:24,21,25.04159,121.5378,19
500101243,1,2024-07-22 22:09:24,21,25.04159,121.5378,19
500101243,1,2024-07-22 22:10:30,21,25.04159,121.5378,18
500101243,1,2024-07-22 22:11:23,21,25.04159,121.5378,20
500101243,1,2024-07-22 22:12:24,21,25.04159,121.5378,20
500101243,1,2024-07-22 22:13:24,21,25.04159,121.5378,20
500101243,1,2024-07-22 22:14:24,21,25.04159,121.5378,20
500101243,1,2024-07-22 22:15:24,21,25.04159,121.5378,20
500101243,1,2024-07-22 22:16:24,21,25.04159,121.5378,19
500101243,1,2024-07-22 22:17:23,21,25.04159,121.5378,19
500101243,1,2024-07-22 22:18:23,21,25.04159,121.5378,20
500101243,1,2024-07-22 22:19:23,21,25.04159,121.5378,20
500101243,1,2024-07-22 22:20:29,21,25.04159,121.5378,20
500101243,1,2024-07-22 22:21:23,21,25.04159,121.5378,20
500101243,1,2024-07-22 22:22:24,21,25.04159,121.5378,20
500101243,1,2024-07-22 22:23:24,21,25.04159,121.5378,20
500101243,1,2024-07-22 22:24:23,21,25.04159,121.5378,20
500101243,1,2024-07-22 22:25:23,21,25.04159,121.5378,20
500101243,1,2024-07-22 22:26:23,21,25.04159,121.5378,20
500101243,1,2024-07-22 22:27:23,21,25.04159,121.5378,20
500101243,1,2024-07-22 22:28:24,21,25.04159,121.5378,20
500101243,1,2024-07-22 22:29:23,21,25.04159,121.5378,20
500101243,1,2024-07-22 22:30:30,21,25.04159,121.5378,20
500101243,1,2024-07-22 22:31:23,21,25.04159,121.5378,20
500101243,1,2024-07-22 22:32:24,21,25.04159,121.5378,20
500101243,1,2024-07-22 22:33:23,21,25.04159,121.5378,20
500101243,1,2024-07-22 22:34:23,21,25.04159,121.5378,19
500101243,1,2024-07-22 22:35:24,21,25.04159,121.5378,19
500101243,1,2024-07-22 22:36:26,21,25.04159,121.5378,19
500101243,1,2024-07-22 22:37:23,21,25.04159,121.5378,19
500101243,1,2024-07-22 22:38:23,21,25.04159,121.5378,19
500101243,1,2024-07-22 22:39:23,21,25.04159,121.5378,19
500101243,1,2024-07-22 22:40:29,21,25.04159,121.5378,19
500101243,1,2024-07-22 22:41:23,21,25.04159,121.5378,19
500101243,1,2024-07-22 22:42:23,21,25.04159,121.5378,19
500101243,1,2024-07-22 22:43:24,21,25.04159,121.5378,17
500101243,1,2024-07-22 22:44:23,21,25.04159,121.5378,18
500101243,1,2024-07-22 22:45:24,21,25.04159,121.5378,18
500101243,1,2024-07-22 22:46:23,21,25.04159,121.5378,18
500101243,1,2024-07-22 22:47:23,21,25.04159,121.5378,17
500101243,1,2024-07-22 22:48:23,21,25.04159,121.5378,17
500101243,1,2024-07-22 22:49:23,21,25.04159,121.5378,17
500101243,1,2024-07-22 22:50:29,21,25.04159,121.5378,17
500101243,1,2024-07-22 22:51:23,21,25.04159,121.5378,17
500101243,1,2024-07-22 22:52:23,21,25.04159,121.5378,17
500101243,1,2024-07-22 22:53:23,21,25.04159,121.5378,17
500101243,1,2024-07-22 22:54:23,21,25.04159,121.5378,17
500101243,1,2024-07-22 22:55:22,21,25.04159,121.5378,17
500101243,1,2024-07-22 22:56:23,21,25.04159,121.5378,17
500101243,1,2024-07-22 22:57:24,21,25.04159,121.5378,17
500101243,1,2024-07-22 22:58:23,21,25.04159,121.5378,17
500101243,1,2024-07-22 22:59:23,21,25.04159,121.5378,17
500101243,1,2024-07-22 23:00:29,21,25.04159,121.5378,17
500101243,1,2024-07-22 23:01:24,21,25.04159,121.5378,17
500101243,1,2024-07-22 23:02:23,21,25.04159,121.5378,17
500101243,1,2024-07-22 23:03:23,21,25.04159,121.5378,17
500101243,1,2024-07-22 23:04:23,21,25.04159,121.5378,17
500101243,1,2024-07-22 23:05:23,21,25.04159,121.5378,17
500101243,1,2024-07-22 23:06:23,21,25.04159,121.5378,16
500101243,1,2024-07-22 23:07:23,21,25.04159,121.5378,16
500101243,1,2024-07-22 23:08:23,21,25.04159,121.5378,16
500101243,1,2024-07-22 23:09:22,21,25.04159,121.5378,16
500101243,1,2024-07-22 23:10:29,21,25.04159,121.5378,16
500101243,1,2024-07-22 23:11:23,21,25.04159,121.5378,16
500101243,1,2024-07-22 23:12:23,21,25.04159,121.5378,17
500101243,1,2024-07-22 23:13:23,21,25.04159,121.5378,17
500101243,1,2024-07-22 23:14:23,21,25.04159,121.5378,17
500101243,1,2024-07-22 23:15:23,21,25.04159,121.5378,16
500101243,1,2024-07-22 23:16:23,21,25.04159,121.5378,16
500101243,1,2024-07-22 23:17:23,21,25.04159,121.5378,16
500101243,1,2024-07-22 23:18:23,21,25.04159,121.5378,16
500101243,1,2024-07-22 23:19:23,21,25.04159,121.5378,16
500101243,1,2024-07-22 23:20:28,21,25.04159,121.5378,16
500101243,1,2024-07-22 23:21:22,21,25.04159,121.5378,16
500101243,1,2024-07-22 23:22:23,21,25.04159,121.5378,16
500101243,1,2024-07-22 23:23:23,21,25.04159,121.5378,16
500101243,1,2024-07-22 23:24:22,21,25.04159,121.5378,16
500101243,1,2024-07-22 23:25:22,21,25.04159,121.5378,16
500101243,1,2024-07-22 23:26:23,21,25.04159,121.5378,14
500101243,1,2024-07-22 23:27:23,21,25.04159,121.5378,14
500101243,1,2024-07-22 23:28:23,21,25.04159,121.5378,14
500101243,1,2024-07-22 23:29:23,21,25.04159,121.5378,14
500101243,1,2024-07-22 23:30:28,21,25.04159,121.5378,14
500101243,1,2024-07-22 23:31:23,21,25.04159,121.5378,14
500101243,1,2024-07-22 23:32:23,21,25.04159,121.5378,14
500101243,1,2024-07-22 23:33:23,21,25.04159,121.5378,14
500101243,1,2024-07-22 23:34:22,21,25.04159,121.5378,14
500101243,1,2024-07-22 23:35:23,21,25.04159,121.5378,14
500101243,1,2024-07-22 23:37:22,21,25.04159,121.5378,14
500101243,1,2024-07-22 23:38:23,21,25.04159,121.5378,14
500101243,1,2024-07-22 23:39:23,21,25.04159,121.5378,14
500101243,1,2024-07-22 23:40:29,21,25.04159,121.5378,15
500101243,1,2024-07-22 23:41:23,21,25.04159,121.5378,15
500101243,1,2024-07-22 23:41:23,21,25.04159,121.5378,15
500101243,1,2024-07-22 23:43:23,21,25.04159,121.5378,15
500101243,1,2024-07-22 23:43:23,21,25.04159,121.5378,15
500101243,1,2024-07-22 23:45:22,21,25.04159,121.5378,15
500101243,1,2024-07-22 23:46:23,21,25.04159,121.5378,15
500101243,1,2024-07-22 23:47:22,21,25.04159,121.5378,15
500101243,1,2024-07-22 23:48:23,21,25.04159,121.5378,15
500101243,1,2024-07-22 23:49:22,21,25.04159,121.5378,15
500101243,1,2024-07-22 23:50:28,21,25.04159,121.5378,15
500101243,1,2024-07-22 23:51:22,21,25.04159,121.5378,15
500101243,1,2024-07-22 23:52:22,21,25.04159,121.5378,15
500101243,1,2024-07-22 23:53:22,21,25.04159,121.5378,15
500101243,1,2024-07-22 23:54:23,21,25.04159,121.5378,15
500101243,1,2024-07-22 23:55:23,21,25.04159,121.5378,15
500101243,1,2024-07-22 23:56:23,21,25.04159,121.5378,15
500101243,1,2024-07-22 23:57:22,21,25.04159,121.5378,15
500101243,1,2024-07-22 23:58:23,21,25.04159,121.5378,15
500101243,1,2024-07-22 23:59:22,21,25.04159,121.5378,15
500101243,1,2024-07-23 00:00:29,21,25.04159,121.5378,15
500101243,1,2024-07-23 00:01:23,21,25.04159,121.5378,15
500101243,1,2024-07-23 00:02:22,21,25.04159,121.5378,15
500101243,1,2024-07-23 00:03:22,21,25.04159,121.5378,15
500101243,1,2024-07-23 00:04:22,21,25.04159,121.5378,15
500101243,1,2024-07-23 00:05:22,21,25.04159,121.5378,15
500101243,1,2024-07-23 00:06:23,21,25.04159,121.5378,15
500101243,1,2024-07-23 00:07:22,21,25.04159,121.5378,15
500101243,1,2024-07-23 00:08:23,21,25.04159,121.5378,15
500101243,1,2024-07-23 00:08:23,21,25.04159,121.5378,15
500101243,1,2024-07-23 00:10:28,21,25.04159,121.5378,15
500101243,1,2024-07-23 00:11:22,21,25.04159,121.5378,15
500101243,1,2024-07-23 00:12:23,21,25.04159,121.5378,15
500101243,1,2024-07-23 00:13:22,21,25.04159,121.5378,15
500101243,1,2024-07-23 00:14:22,21,25.04159,121.5378,15
500101243,1,2024-07-23 00:15:23,21,25.04159,121.5378,15
500101243,1,2024-07-23 00:16:22,21,25.04159,121.5378,15
500101243,1,2024-07-23 00:17:22,21,25.04159,121.5378,15
500101243,1,2024-07-23 00:18:22,21,25.04159,121.5378,15
500101243,1,2024-07-23 00:19:22,21,25.04159,121.5378,15
500101243,1,2024-07-23 00:20:28,21,25.04159,121.5378,15
500101243,1,2024-07-23 00:21:23,21,25.04159,121.5378,15
500101243,1,2024-07-23 00:22:22,21,25.04159,121.5378,15
500101243,1,2024-07-23 00:23:22,21,25.04159,121.5378,15
500101243,1,2024-07-23 00:24:22,21,25.04159,121.5378,15
500101243,1,2024-07-23 00:25:22,21,25.04159,121.5378,15
500101243,1,2024-07-23 00:26:23,21,25.04159,121.5378,15
500101243,1,2024-07-23 00:27:22,21,25.04159,121.5378,15
500101243,1,2024-07-23 00:28:22,21,25.04159,121.5378,15
500101243,1,2024-07-23 00:29:23,21,25.04159,121.5378,15
500101243,1,2024-07-23 00:30:28,21,25.04159,121.5378,15
500101243,1,2024-07-23 00:31:22,21,25.04159,121.5378,15
500101243,1,2024-07-23 00:32:22,21,25.04159,121.5378,15
500101243,1,2024-07-23 00:33:22,21,25.04159,121.5378,15
500101243,1,2024-07-23 00:34:22,21,25.04159,121.5378,15
500101243,1,2024-07-23 00:35:22,21,25.04159,121.5378,15
500101243,1,2024-07-23 00:36:23,21,25.04159,121.5378,15
500101243,1,2024-07-23 00:37:22,21,25.04159,121.5378,15
500101243,1,2024-07-23 00:38:22,21,25.04159,121.5378,15
500101243,1,2024-07-23 00:39:22,21,25.04159,121.5378,15
500101243,1,2024-07-23 00:40:28,21,25.04159,121.5378,15
500101243,1,2024-07-23 00:41:22,21,25.04159,121.5378,15
500101243,1,2024-07-23 00:42:22,21,25.04159,121.5378,15
500101243,1,2024-07-23 00:43:22,21,25.04159,121.5378,15
500101243,1,2024-07-23 00:44:22,21,25.04159,121.5378,15
500101243,1,2024-07-23 00:45:22,21,25.04159,121.5378,15
500101243,1,2024-07-23 00:46:22,21,25.04159,121.5378,15
500101243,1,2024-07-23 00:47:23,21,25.04159,121.5378,15
500101243,1,2024-07-23 00:48:22,21,25.04159,121.5378,15
500101243,1,2024-07-23 00:49:22,21,25.04159,121.5378,15
500101243,1,2024-07-23 00:50:29,21,25.04159,121.5378,15
500101243,1,2024-07-23 00:51:22,21,25.04159,121.5378,15
500101243,1,2024-07-23 00:52:22,21,25.04159,121.5378,15
500101243,1,2024-07-23 00:53:22,21,25.04159,121.5378,15
500101243,1,2024-07-23 00:54:22,21,25.04159,121.5378,15
500101243,1,2024-07-23 00:55:21,21,25.04159,121.5378,15
500101243,1,2024-07-23 00:56:22,21,25.04159,121.5378,15
500101243,1,2024-07-23 00:57:23,21,25.04159,121.5378,15
500101243,1,2024-07-23 00:58:22,21,25.04159,121.5378,15
500101243,1,2024-07-23 00:59:22,21,25.04159,121.5378,15
500101243,1,2024-07-23 01:00:27,21,25.04159,121.5378,15
500101243,1,2024-07-23 01:01:22,21,25.04159,121.5378,15
500101243,1,2024-07-23 01:02:23,21,25.04159,121.5378,15
500101243,1,2024-07-23 01:03:23,21,25.04159,121.5378,15
500101243,1,2024-07-23 01:04:22,21,25.04159,121.5378,15
500101243,1,2024-07-23 01:05:22,21,25.04159,121.5378,15
500101243,1,2024-07-23 01:06:22,21,25.04159,121.5378,15
500101243,1,2024-07-23 01:07:22,21,25.04159,121.5378,15
500101243,1,2024-07-23 01:08:22,21,25.04159,121.5378,15
500101243,1,2024-07-23 01:09:21,21,25.04159,121.5378,15
500101243,1,2024-07-23 01:10:28,21,25.04159,121.5378,15
500101243,1,2024-07-23 01:11:22,21,25.04159,121.5378,15
500101243,1,2024-07-23 01:12:22,21,25.04159,121.5378,15
500101243,1,2024-07-23 01:13:22,21,25.04159,121.5378,15
500101243,1,2024-07-23 01:14:22,21,25.04159,121.5378,15
500101243,1,2024-07-23 01:15:22,21,25.04159,121.5378,15
500101243,1,2024-07-23 01:16:22,21,25.04159,121.5378,15
500101243,1,2024-07-23 01:17:22,21,25.04159,121.5378,15
500101243,1,2024-07-23 01:18:22,21,25.04159,121.5378,15
500101243,1,2024-07-23 01:19:22,21,25.04159,121.5378,15
500101243,1,2024-07-23 01:20:29,21,25.04159,121.5378,15
500101243,1,2024-07-23 01:21:22,21,25.04159,121.5378,15
500101243,1,2024-07-23 01:22:22,21,25.04159,121.5378,15
500101243,1,2024-07-23 01:23:22,21,25.04159,121.5378,15
500101243,1,2024-07-23 01:24:21,21,25.04159,121.5378,15
500101243,1,2024-07-23 01:25:22,21,25.04159,121.5378,15
500101243,1,2024-07-23 01:26:22,21,25.04159,121.5378,15
500101243,1,2024-07-23 01:27:22,21,25.04159,121.5378,15
500101243,1,2024-07-23 01:28:22,21,25.04159,121.5378,15
500101243,1,2024-07-23 01:29:22,21,25.04159,121.5378,15
500101243,1,2024-07-23 01:30:28,21,25.04159,121.5378,15
500101243,1,2024-07-23 01:31:22,21,25.04159,121.5378,15
500101243,1,2024-07-23 01:32:22,21,25.04159,121.5378,15
500101243,1,2024-07-23 01:33:22,21,25.04159,121.5378,15
500101243,1,2024-07-23 01:34:22,21,25.04159,121.5378,15
500101243,1,2024-07-23 01:35:22,21,25.04159,121.5378,15
500101243,1,2024-07-23 01:36:22,21,25.04159,121.5378,15
500101243,1,2024-07-23 01:37:22,21,25.04159,121.5378,14
500101243,1,2024-07-23 01:38:22,21,25.04159,121.5378,14
500101243,1,2024-07-23 01:39:22,21,25.04159,121.5378,14
500101243,1,2024-07-23 01:40:28,21,25.04159,121.5378,14
500101243,1,2024-07-23 01:41:22,21,25.04159,121.5378,14
500101243,1,2024-07-23 01:42:22,21,25.04159,121.5378,14
500101243,1,2024-07-23 01:43:22,21,25.04159,121.5378,14
500101243,1,2024-07-23 01:44:22,21,25.04159,121.5378,15
500101243,1,2024-07-23 01:45:22,21,25.04159,121.5378,15
500101243,1,2024-07-23 01:46:22,21,25.04159,121.5378,15
500101243,1,2024-07-23 01:47:21,21,25.04159,121.5378,15
500101243,1,2024-07-23 01:48:22,21,25.04159,121.5378,15
500101243,1,2024-07-23 01:49:22,21,25.04159,121.5378,15
500101243,1,2024-07-23 01:50:27,21,25.04159,121.5378,15
500101243,1,2024-07-23 01:51:22,21,25.04159,121.5378,15
500101243,1,2024-07-23 01:52:22,21,25.04159,121.5378,15
500101243,1,2024-07-23 01:53:22,21,25.04159,121.5378,15
500101243,1,2024-07-23 01:54:22,21,25.04159,121.5378,15
500101243,1,2024-07-23 01:55:22,21,25.04159,121.5378,15
500101243,1,2024-07-23 01:56:21,21,25.04159,121.5378,15
500101243,1,2024-07-23 01:57:22,21,25.04159,121.5378,15
500101243,1,2024-07-23 01:58:22,21,25.04159,121.5378,15
500101243,1,2024-07-23 01:59:22,21,25.04159,121.5378,15
500101243,1,2024-07-23 02:00:28,21,25.04159,121.5378,15
500101243,1,2024-07-23 02:01:22,21,25.04159,121.5378,15
500101243,1,2024-07-23 02:02:23,21,25.04159,121.5378,15
500101243,1,2024-07-23 02:03:22,21,25.04159,121.5378,15
500101243,1,2024-07-23 02:04:22,21,25.04159,121.5378,15
500101243,1,2024-07-23 02:05:22,21,25.04159,121.5378,15
500101243,1,2024-07-23 02:06:22,21,25.04159,121.5378,16
500101243,1,2024-07-23 02:07:22,21,25.04159,121.5378,16
500101243,1,2024-07-23 02:08:22,21,25.04159,121.5378,16
500101243,1,2024-07-23 02:09:22,21,25.04159,121.5378,16
500101243,1,2024-07-23 02:10:28,21,25.04159,121.5378,16
500101243,1,2024-07-23 02:11:22,21,25.04159,121.5378,16
500101243,1,2024-07-23 02:12:22,21,25.04159,121.5378,16
500101243,1,2024-07-23 02:13:21,21,25.04159,121.5378,16
500101243,1,2024-07-23 02:14:21,21,25.04159,121.5378,16
500101243,1,2024-07-23 02:15:21,21,25.04159,121.5378,16
500101243,1,2024-07-23 02:16:20,21,25.04159,121.5378,16
500101243,1,2024-07-23 02:17:21,21,25.04159,121.5378,16
500101243,1,2024-07-23 02:18:22,21,25.04159,121.5378,16
500101243,1,2024-07-23 02:19:22,21,25.04159,121.5378,16
500101243,1,2024-07-23 02:20:28,21,25.04159,121.5378,16
500101243,1,2024-07-23 02:21:21,21,25.04159,121.5378,16
500101243,1,2024-07-23 02:22:22,21,25.04159,121.5378,16
500101243,1,2024-07-23 02:23:22,21,25.04159,121.5378,16
500101243,1,2024-07-23 02:24:22,21,25.04159,121.5378,16
500101243,1,2024-07-23 02:25:21,21,25.04159,121.5378,16
500101243,1,2024-07-23 02:26:22,21,25.04159,121.5378,16
500101243,1,2024-07-23 02:27:22,21,25.04159,121.5378,16
500101243,1,2024-07-23 02:28:22,21,25.04159,121.5378,16
500101243,1,2024-07-23 02:29:22,21,25.04159,121.5378,16
500101243,1,2024-07-23 02:30:28,21,25.04159,121.5378,16
500101243,1,2024-07-23 02:31:22,21,25.04159,121.5378,16
500101243,1,2024-07-23 02:32:22,21,25.04159,121.5378,16
500101243,1,2024-07-23 02:33:26,21,25.04159,121.5378,16
500101243,1,2024-07-23 02:34:22,21,25.04159,121.5378,16
500101243,1,2024-07-23 02:35:21,21,25.04159,121.5378,16
500101243,1,2024-07-23 02:36:22,21,25.04159,121.5378,16
500101243,1,2024-07-23 02:37:21,21,25.04159,121.5378,16
500101243,1,2024-07-23 02:38:21,21,25.04159,121.5378,16
500101243,1,2024-07-23 02:39:22,21,25.04159,121.5378,16
500101243,1,2024-07-23 02:41:22,21,25.04159,121.5378,16
500101243,1,2024-07-23 02:42:22,21,25.04159,121.5378,16
500101243,1,2024-07-23 02:43:22,21,25.04159,121.5378,16
500101243,1,2024-07-23 02:44:22,21,25.04159,121.5378,16
500101243,1,2024-07-23 02:45:22,21,25.04159,121.5378,16
500101243,1,2024-07-23 02:46:22,21,25.04159,121.5378,16
500101243,1,2024-07-23 02:47:22,21,25.04159,121.5378,16
500101243,1,2024-07-23 02:48:22,21,25.04159,121.5378,16
500101243,1,2024-07-23 02:49:22,21,25.04159,121.5378,16
500101243,1,2024-07-23 02:50:27,21,25.04159,121.5378,16
500101243,1,2024-07-23 02:51:22,21,25.04159,121.5378,16
500101243,1,2024-07-23 02:52:22,21,25.04159,121.5378,16
500101243,1,2024-07-23 02:53:22,21,25.04159,121.5378,16
500101243,1,2024-07-23 02:54:22,21,25.04159,121.5378,16
500101243,1,2024-07-23 02:55:22,21,25.04159,121.5378,16
500101243,1,2024-07-23 02:56:21,21,25.04159,121.5378,16
500101243,1,2024-07-23 02:57:21,21,25.04159,121.5378,16
500101243,1,2024-07-23 02:58:22,21,25.04159,121.5378,16
500101243,1,2024-07-23 02:59:22,21,25.04159,121.5378,16
500101243,1,2024-07-23 03:00:28,21,25.04159,121.5378,16
500101243,1,2024-07-23 03:01:22,21,25.04159,121.5378,16
500101243,1,2024-07-23 03:02:22,21,25.04159,121.5378,16
500101243,1,2024-07-23 03:03:22,21,25.04159,121.5378,16
500101243,1,2024-07-23 03:04:22,21,25.04159,121.5378,16
500101243,1,2024-07-23 03:05:22,21,25.04159,121.5378,16
500101243,1,2024-07-23 03:06:22,21,25.04159,121.5378,16
500101243,1,2024-07-23 03:07:22,21,25.04159,121.5378,16
500101243,1,2024-07-23 03:08:22,21,25.04159,121.5378,16
500101243,1,2024-07-23 03:09:21,21,25.04159,121.5378,16
500101243,1,2024-07-23 03:10:28,21,25.04159,121.5378,16
500101243,1,2024-07-23 03:11:22,21,25.04159,121.5378,16
500101243,1,2024-07-23 03:12:22,21,25.04159,121.5378,16
500101243,1,2024-07-23 03:13:22,21,25.04159,121.5378,16
500101243,1,2024-07-23 03:14:21,21,25.04159,121.5378,16
500101243,1,2024-07-23 03:15:22,21,25.04159,121.5378,16
500101243,1,2024-07-23 03:16:22,21,25.04159,121.5378,16
500101243,1,2024-07-23 03:17:22,21,25.04159,121.5378,16
500101243,1,2024-07-23 03:17:22,21,25.04159,121.5378,16
500101243,1,2024-07-23 03:18:22,21,25.04159,121.5378,16
500101243,1,2024-07-23 03:20:28,21,25.04159,121.5378,16
500101243,1,2024-07-23 03:21:22,21,25.04159,121.5378,16
500101243,1,2024-07-23 03:22:22,21,25.04159,121.5378,16
500101243,1,2024-07-23 03:23:22,21,25.04159,121.5378,16
500101243,1,2024-07-23 03:24:22,21,25.04159,121.5378,16
500101243,1,2024-07-23 03:25:22,21,25.04159,121.5378,17
500101243,1,2024-07-23 03:26:22,21,25.04159,121.5378,17
500101243,1,2024-07-23 03:27:21,21,25.04159,121.5378,17
500101243,1,2024-07-23 03:28:22,21,25.04159,121.5378,17
500101243,1,2024-07-23 03:29:22,21,25.04159,121.5378,17
500101243,1,2024-07-23 03:30:27,21,25.04159,121.5378,17
500101243,1,2024-07-23 03:31:22,21,25.04159,121.5378,17
500101243,1,2024-07-23 03:32:21,21,25.04159,121.5378,17
500101243,1,2024-07-23 03:33:22,21,25.04159,121.5378,17
500101243,1,2024-07-23 03:34:22,21,25.04159,121.5378,17
500101243,1,2024-07-23 03:35:22,21,25.04159,121.5378,17
500101243,1,2024-07-23 03:36:22,21,25.04159,121.5378,17
500101243,1,2024-07-23 03:37:22,21,25.04159,121.5378,17
500101243,1,2024-07-23 03:38:22,21,25.04159,121.5378,17
500101243,1,2024-07-23 03:39:22,21,25.04159,121.5378,17
500101243,1,2024-07-23 03:40:28,21,25.04159,121.5378,17
500101243,1,2024-07-23 03:41:22,21,25.04159,121.5378,17
500101243,1,2024-07-23 03:42:22,21,25.04159,121.5378,17
500101243,1,2024-07-23 03:43:22,21,25.04159,121.5378,17
500101243,1,2024-07-23 03:44:22,21,25.04159,121.5378,17
500101243,1,2024-07-23 03:45:22,21,25.04159,121.5378,17
500101243,1,2024-07-23 03:46:22,21,25.04159,121.5378,17
500101243,1,2024-07-23 03:47:22,21,25.04159,121.5378,17
500101243,1,2024-07-23 03:48:22,21,25.04159,121.5378,17
500101243,1,2024-07-23 03:49:22,21,25.04159,121.5378,17
500101243,1,2024-07-23 03:50:28,21,25.04159,121.5378,17
500101243,1,2024-07-23 03:51:24,21,25.04159,121.5378,17
500101243,1,2024-07-23 03:52:22,21,25.04159,121.5378,17
500101243,1,2024-07-23 03:53:22,21,25.04159,121.5378,17
500101243,1,2024-07-23 03:54:22,21,25.04159,121.5378,17
500101243,1,2024-07-23 03:55:22,21,25.04159,121.5378,17
500101243,1,2024-07-23 03:56:22,21,25.04159,121.5378,17
500101243,1,2024-07-23 03:57:22,21,25.04159,121.5378,17
500101243,1,2024-07-23 03:58:21,21,25.04159,121.5378,17
500101243,1,2024-07-23 03:59:21,21,25.04159,121.5378,17
500101243,1,2024-07-23 04:00:28,21,25.04159,121.5378,17
500101243,1,2024-07-23 04:01:22,21,25.04159,121.5378,17
500101243,1,2024-07-23 04:02:22,21,25.04159,121.5378,17
500101243,1,2024-07-23 04:03:22,21,25.04159,121.5378,17
500101243,1,2024-07-23 04:04:22,21,25.04159,121.5378,17
500101243,1,2024-07-23 04:05:21,21,25.04159,121.5378,17
500101243,1,2024-07-23 04:06:22,21,25.04159,121.5378,17
500101243,1,2024-07-23 04:07:22,21,25.04159,121.5378,17
500101243,1,2024-07-23 04:08:22,21,25.04159,121.5378,17
500101243,1,2024-07-23 04:09:22,21,25.04159,121.5378,17
500101243,1,2024-07-23 04:10:28,21,25.04159,121.5378,17
500101243,1,2024-07-23 04:11:22,21,25.04159,121.5378,17
500101243,1,2024-07-23 04:12:22,21,25.04159,121.5378,17
500101243,1,2024-07-23 04:13:22,21,25.04159,121.5378,17
500101243,1,2024-07-23 04:14:22,21,25.04159,121.5378,17
500101243,1,2024-07-23 04:15:21,21,25.04159,121.5378,17
500101243,1,2024-07-23 04:16:22,21,25.04159,121.5378,17
500101243,1,2024-07-23 04:17:21,21,25.04159,121.5378,17
500101243,1,2024-07-23 04:18:22,21,25.04159,121.5378,17
500101243,1,2024-07-23 04:19:22,21,25.04159,121.5378,17
500101243,1,2024-07-23 04:20:27,21,25.04159,121.5378,17
500101243,1,2024-07-23 04:21:22,21,25.04159,121.5378,17
500101243,1,2024-07-23 04:22:22,21,25.04159,121.5378,17
500101243,1,2024-07-23 04:23:21,21,25.04159,121.5378,17
500101243,1,2024-07-23 04:24:22,21,25.04159,121.5378,17
500101243,1,2024-07-23 04:25:22,21,25.04159,121.5378,17
500101243,1,2024-07-23 04:26:21,21,25.04159,121.5378,17
500101243,1,2024-07-23 04:27:22,21,25.04159,121.5378,17
500101243,1,2024-07-23 04:28:22,21,25.04159,121.5378,17
500101243,1,2024-07-23 04:29:22,21,25.04159,121.5378,17
500101243,1,2024-07-23 04:30:29,21,25.04159,121.5378,17
500101243,1,2024-07-23 04:31:22,21,25.04159,121.5378,17
500101243,1,2024-07-23 04:32:21,21,25.04159,121.5378,17
500101243,1,2024-07-23 04:33:22,21,25.04159,121.5378,17
500101243,1,2024-07-23 04:34:22,21,25.04159,121.5378,17
500101243,1,2024-07-23 04:35:21,21,25.04159,121.5378,17
500101243,1,2024-07-23 04:36:22,21,25.04159,121.5378,17
500101243,1,2024-07-23 04:37:22,21,25.04159,121.5378,17
500101243,1,2024-07-23 04:38:22,21,25.04159,121.5378,17
500101243,1,2024-07-23 04:39:22,21,25.04159,121.5378,17
500101243,1,2024-07-23 04:40:27,21,25.04159,121.5378,17
500101243,1,2024-07-23 04:41:22,21,25.04159,121.5378,17
500101243,1,2024-07-23 04:42:21,21,25.04159,121.5378,17
500101243,1,2024-07-23 04:43:22,21,25.04159,121.5378,17
500101243,1,2024-07-23 04:44:22,21,25.04159,121.5378,17
500101243,1,2024-07-23 04:45:22,21,25.04159,121.5378,17
500101243,1,2024-07-23 04:46:22,21,25.04159,121.5378,17
500101243,1,2024-07-23 04:47:21,21,25.04159,121.5378,17
500101243,1,2024-07-23 04:48:22,21,25.04159,121.5378,17
500101243,1,2024-07-23 04:49:25,21,25.04159,121.5378,17
500101243,1,2024-07-23 04:50:27,21,25.04159,121.5378,17
500101243,1,2024-07-23 04:51:22,21,25.04159,121.5378,17
500101243,1,2024-07-23 04:52:22,21,25.04159,121.5378,16
500101243,1,2024-07-23 04:53:22,21,25.04159,121.5378,16
500101243,1,2024-07-23 04:54:22,21,25.04159,121.5378,16
500101243,1,2024-07-23 04:55:22,21,25.04159,121.5378,16
500101243,1,2024-07-23 04:56:22,21,25.04159,121.5378,16
500101243,1,2024-07-23 04:57:21,21,25.04159,121.5378,16
500101243,1,2024-07-23 04:58:22,21,25.04159,121.5378,16
500101243,1,2024-07-23 04:59:22,21,25.04159,121.5378,16
500101243,1,2024-07-23 05:00:28,21,25.04159,121.5378,16
500101243,1,2024-07-23 05:01:25,21,25.04159,121.5378,16
500101243,1,2024-07-23 05:02:22,21,25.04159,121.5378,16
500101243,1,2024-07-23 05:03:22,21,25.04159,121.5378,16
500101243,1,2024-07-23 05:04:22,21,25.04159,121.5378,16
500101243,1,2024-07-23 05:05:23,21,25.04159,121.5378,16
500101243,1,2024-07-23 05:06:22,21,25.04159,121.5378,16
500101243,1,2024-07-23 05:07:22,21,25.04159,121.5378,16
500101243,1,2024-07-23 05:08:25,21,25.04159,121.5378,16
500101243,1,2024-07-23 05:09:22,21,25.04159,121.5378,16
500101243,1,2024-07-23 05:10:28,21,25.04159,121.5378,16
500101243,1,2024-07-23 05:11:22,21,25.04159,121.5378,16
500101243,1,2024-07-23 05:12:22,21,25.04159,121.5378,16
500101243,1,2024-07-23 05:13:22,21,25.04159,121.5378,16
500101243,1,2024-07-23 05:14:22,21,25.04159,121.5378,16
500101243,1,2024-07-23 05:15:22,21,25.04159,121.5378,16
500101243,1,2024-07-23 05:16:22,21,25.04159,121.5378,16
500101243,1,2024-07-23 05:17:22,21,25.04159,121.5378,16
500101243,1,2024-07-23 05:18:22,21,25.04159,121.5378,16
500101243,1,2024-07-23 05:19:22,21,25.04159,121.5378,16
500101243,1,2024-07-23 05:20:28,21,25.04159,121.5378,16
500101243,1,2024-07-23 05:21:22,21,25.04159,121.5378,16
500101243,1,2024-07-23 05:22:22,21,25.04159,121.5378,16
500101243,1,2024-07-23 05:23:22,21,25.04159,121.5378,16
500101243,1,2024-07-23 05:24:22,21,25.04159,121.5378,16
500101243,1,2024-07-23 05:25:22,21,25.04159,121.5378,16
500101243,1,2024-07-23 05:26:22,21,25.04159,121.5378,16
500101243,1,2024-07-23 05:27:23,21,25.04159,121.5378,16
500101243,1,2024-07-23 05:28:22,21,25.04159,121.5378,16
500101243,1,2024-07-23 05:29:22,21,25.04159,121.5378,16
500101243,1,2024-07-23 05:30:27,21,25.04159,121.5378,16
500101243,1,2024-07-23 05:32:22,21,25.04159,121.5378,16
500101243,1,2024-07-23 05:32:22,21,25.04159,121.5378,16
500101243,1,2024-07-23 05:34:22,21,25.04159,121.5378,16
500101243,1,2024-07-23 05:34:22,21,25.04159,121.5378,16
500101243,1,2024-07-23 05:36:22,21,25.04159,121.5378,16
500101243,1,2024-07-23 05:36:22,21,25.04159,121.5378,16
500101243,1,2024-07-23 05:37:22,21,25.04159,121.5378,16
500101243,1,2024-07-23 05:39:23,21,25.04159,121.5378,16
500101243,1,2024-07-23 05:40:28,21,25.04159,121.5378,16
500101243,1,2024-07-23 05:41:22,21,25.04159,121.5378,16
500101243,1,2024-07-23 05:41:22,21,25.04159,121.5378,16
500101243,1,2024-07-23 05:42:23,21,25.04159,121.5378,16
500101243,1,2024-07-23 05:44:22,21,25.04159,121.5378,16
500101243,1,2024-07-23 05:45:23,21,25.04159,121.5378,16
500101243,1,2024-07-23 05:46:22,21,25.04159,121.5378,16
500101243,1,2024-07-23 05:47:22,21,25.04159,121.5378,16
500101243,1,2024-07-23 05:47:22,21,25.04159,121.5378,16
500101243,1,2024-07-23 05:49:22,21,25.04159,121.5378,16
500101243,1,2024-07-23 05:50:29,21,25.04159,121.5378,16
500101243,1,2024-07-23 05:50:29,21,25.04159,121.5378,16
500101243,1,2024-07-23 05:51:23,21,25.04159,121.5378,16
500101243,1,2024-07-23 05:53:23,21,25.04159,121.5378,16
500101243,1,2024-07-23 05:54:22,21,25.04159,121.5378,16
500101243,1,2024-07-23 05:55:23,21,25.04159,121.5378,16
500101243,1,2024-07-23 05:56:22,21,25.04159,121.5378,16
500101243,1,2024-07-23 05:57:23,21,25.04159,121.5378,16
500101243,1,2024-07-23 05:58:22,21,25.04159,121.5378,16
500101243,1,2024-07-23 05:59:23,21,25.04159,121.5378,16
500101243,1,2024-07-23 06:00:28,21,25.04159,121.5378,16
500101243,1,2024-07-23 06:01:23,21,25.04159,121.5378,16
500101243,1,2024-07-23 06:02:23,21,25.04159,121.5378,16
500101243,1,2024-07-23 06:03:23,21,25.04159,121.5378,16
500101243,1,2024-07-23 06:04:23,21,25.04159,121.5378,16
500101243,1,2024-07-23 06:05:24,21,25.04159,121.5378,16
500101243,1,2024-07-23 06:06:23,21,25.04159,121.5378,16
500101243,1,2024-07-23 06:07:23,21,25.04159,121.5378,16
500101243,1,2024-07-23 06:08:23,21,25.04159,121.5378,16
500101243,1,2024-07-23 06:09:23,21,25.04159,121.5378,16
500101243,1,2024-07-23 06:10:29,21,25.04159,121.5378,16
500101243,1,2024-07-23 06:11:23,21,25.04159,121.5378,16
500101243,1,2024-07-23 06:12:22,21,25.04159,121.5378,16
500101243,1,2024-07-23 06:13:22,21,25.04159,121.5378,16
500101243,1,2024-07-23 06:14:23,21,25.04159,121.5378,16
500101243,1,2024-07-23 06:15:23,21,25.04159,121.5378,16
500101243,1,2024-07-23 06:16:22,21,25.04159,121.5378,16
500101243,1,2024-07-23 06:17:26,21,25.04159,121.5378,16
500101243,1,2024-07-23 06:18:23,21,25.04159,121.5378,16
500101243,1,2024-07-23 06:19:23,21,25.04159,121.5378,16
500101243,1,2024-07-23 06:20:29,21,25.04159,121.5378,16
500101243,1,2024-07-23 06:21:23,21,25.04159,121.5378,16
500101243,1,2024-07-23 06:22:24,21,25.04159,121.5378,16
500101243,1,2024-07-23 06:23:26,21,25.04159,121.5378,16
500101243,1,2024-07-23 06:24:22,21,25.04159,121.5378,16
500101243,1,2024-07-23 06:25:26,21,25.04159,121.5378,16
500101243,1,2024-07-23 06:26:23,21,25.04159,121.5378,16
500101243,1,2024-07-23 06:27:23,21,25.04159,121.5378,16
500101243,1,2024-07-23 06:28:23,21,25.04159,121.5378,16
500101243,1,2024-07-23 06:29:23,21,25.04159,121.5378,16
500101243,1,2024-07-23 06:30:29,21,25.04159,121.5378,16
500101243,1,2024-07-23 06:31:24,21,25.04159,121.5378,13
500101243,1,2024-07-23 06:32:24,21,25.04159,121.5378,13
500101243,1,2024-07-23 06:33:23,21,25.04159,121.5378,13
500101243,1,2024-07-23 06:34:24,21,25.04159,121.5378,13
500101243,1,2024-07-23 06:35:24,21,25.04159,121.5378,13
500101243,1,2024-07-23 06:36:23,21,25.04159,121.5378,13
500101243,1,2024-07-23 06:37:23,21,25.04159,121.5378,13
500101243,1,2024-07-23 06:38:23,21,25.04159,121.5378,13
500101243,1,2024-07-23 06:39:24,21,25.04159,121.5378,13
500101243,1,2024-07-23 06:40:29,21,25.04159,121.5378,13
500101243,1,2024-07-23 06:41:23,21,25.04159,121.5378,14
500101243,1,2024-07-23 06:41:23,21,25.04159,121.5378,14
500101243,1,2024-07-23 06:43:23,21,25.04159,121.5378,14
500101243,1,2024-07-23 06:44:23,21,25.04159,121.5378,15
500101243,1,2024-07-23 06:45:23,21,25.04159,121.5378,15
500101243,1,2024-07-23 06:46:24,21,25.04159,121.5378,15
500101243,1,2024-07-23 06:47:23,21,25.04159,121.5378,13
500101243,1,2024-07-23 06:48:24,21,25.04159,121.5378,13
500101243,1,2024-07-23 06:49:24,21,25.04159,121.5378,14
500101243,1,2024-07-23 06:50:30,21,25.04159,121.5378,14
500101243,1,2024-07-23 06:51:23,21,25.04159,121.5378,14
500101243,1,2024-07-23 06:52:24,21,25.04159,121.5378,14
500101243,1,2024-07-23 06:53:24,21,25.04159,121.5378,13
500101243,1,2024-07-23 06:54:23,21,25.04159,121.5378,12
500101243,1,2024-07-23 06:55:23,21,25.04159,121.5378,12
500101243,1,2024-07-23 06:56:24,21,25.04159,121.5378,13
500101243,1,2024-07-23 06:57:24,21,25.04159,121.5378,13
500101243,1,2024-07-23 06:58:24,21,25.04159,121.5378,13
500101243,1,2024-07-23 06:59:24,21,25.04159,121.5378,12
500101243,1,2024-07-23 07:00:29,21,25.04159,121.5378,12
500101243,1,2024-07-23 07:01:24,21,25.04159,121.5378,12
500101243,1,2024-07-23 07:02:25,21,25.04159,121.5378,12
500101243,1,2024-07-23 07:03:24,21,25.04159,121.5378,12
500101243,1,2024-07-23 07:04:24,21,25.04159,121.5378,12
500101243,1,2024-07-23 07:05:24,21,25.04159,121.5378,12
500101243,1,2024-07-23 07:06:24,21,25.04159,121.5378,12
500101243,1,2024-07-23 07:07:24,21,25.04159,121.5378,13
500101243,1,2024-07-23 07:08:24,21,25.04159,121.5378,12
500101243,1,2024-07-23 07:09:24,21,25.04159,121.5378,12
500101243,1,2024-07-23 07:10:30,21,25.04159,121.5378,12
500101243,1,2024-07-23 07:11:24,21,25.04159,121.5378,12
500101243,1,2024-07-23 07:12:24,21,25.04159,121.5378,12
500101243,1,2024-07-23 07:13:24,21,25.04159,121.5378,12
500101243,1,2024-07-23 07:14:24,21,25.04159,121.5378,12
500101243,1,2024-07-23 07:15:24,21,25.04159,121.5378,13
500101243,1,2024-07-23 07:16:24,21,25.04159,121.5378,13
500101243,1,2024-07-23 07:17:23,21,25.04159,121.5378,13
500101243,1,2024-07-23 07:18:25,21,25.04159,121.5378,13
500101243,1,2024-07-23 07:19:24,21,25.04159,121.5378,13
500101243,1,2024-07-23 07:20:31,21,25.04159,121.5378,13
500101243,1,2024-07-23 07:21:25,21,25.04159,121.5378,14
500101243,1,2024-07-23 07:22:25,21,25.04159,121.5378,14
500101243,1,2024-07-23 07:23:25,21,25.04159,121.5378,14
500101243,1,2024-07-23 07:24:24,21,25.04159,121.5378,14
500101243,1,2024-07-23 07:25:24,21,25.04159,121.5378,14
500101243,1,2024-07-23 07:26:24,21,25.04159,121.5378,14
500101243,1,2024-07-23 07:27:24,21,25.04159,121.5378,14
500101243,1,2024-07-23 07:28:25,21,25.04159,121.5378,14
500101243,1,2024-07-23 07:29:24,21,25.04159,121.5378,14
500101243,1,2024-07-23 07:30:30,21,25.04159,121.5378,14
500101243,1,2024-07-23 07:31:25,21,25.04159,121.5378,15
500101243,1,2024-07-23 07:32:25,21,25.04159,121.5378,15
500101243,1,2024-07-23 07:33:24,21,25.04159,121.5378,15
500101243,1,2024-07-23 07:34:25,21,25.04159,121.5378,15
500101243,1,2024-07-23 07:35:24,21,25.04159,121.5378,16
500101243,1,2024-07-23 07:36:25,21,25.04159,121.5378,16
500101243,1,2024-07-23 07:37:24,21,25.04159,121.5378,16
500101243,1,2024-07-23 07:38:25,21,25.04159,121.5378,16
500101243,1,2024-07-23 07:39:25,21,25.04159,121.5378,16
500101243,1,2024-07-23 07:40:30,21,25.04159,121.5378,16
500101243,1,2024-07-23 07:41:25,21,25.04159,121.5378,17
500101243,1,2024-07-23 07:42:26,21,25.04159,121.5378,16
500101243,1,2024-07-23 07:43:25,21,25.04159,121.5378,16
500101243,1,2024-07-23 07:44:26,21,25.04159,121.5378,16
500101243,1,2024-07-23 07:45:24,21,25.04159,121.5378,16
500101243,1,2024-07-23 07:46:25,21,25.04159,121.5378,16
500101243,1,2024-07-23 07:47:26,21,25.04159,121.5378,17
500101243,1,2024-07-23 07:48:24,21,25.04159,121.5378,17
500101243,1,2024-07-23 07:49:25,21,25.04159,121.5378,17
500101243,1,2024-07-23 07:50:32,21,25.04159,121.5378,17
500101243,1,2024-07-23 07:51:25,21,25.04159,121.5378,18
500101243,1,2024-07-23 07:52:25,21,25.04159,121.5378,18
500101243,1,2024-07-23 07:53:26,21,25.04159,121.5378,18
500101243,1,2024-07-23 07:54:25,21,25.04159,121.5378,18
500101243,1,2024-07-23 07:55:25,21,25.04159,121.5378,18
500101243,1,2024-07-23 07:56:25,21,25.04159,121.5378,19
500101243,1,2024-07-23 07:57:25,21,25.04159,121.5378,19
500101243,1,2024-07-23 07:58:24,21,25.04159,121.5378,19
500101243,1,2024-07-23 07:59:25,21,25.04159,121.5378,19
500101243,1,2024-07-23 08:00:31,21,25.04159,121.5378,19
500101243,1,2024-07-23 08:01:25,21,25.04159,121.5378,20
500101243,1,2024-07-23 08:02:26,21,25.04159,121.5378,20
500101243,1,2024-07-23 08:03:25,21,25.04159,121.5378,20
500101243,1,2024-07-23 08:04:25,21,25.04159,121.5378,20
500101243,1,2024-07-23 08:05:26,21,25.04159,121.5378,20
500101243,1,2024-07-23 08:06:24,21,25.04159,121.5378,20
500101243,1,2024-07-23 08:07:25,21,25.04159,121.5378,20
500101243,1,2024-07-23 08:08:26,21,25.04159,121.5378,20
500101243,1,2024-07-23 08:09:25,21,25.04159,121.5378,20
500101243,1,2024-07-23 08:10:32,21,25.04159,121.5378,20
500101243,1,2024-07-23 08:11:24,21,25.04159,121.5378,21
500101243,1,2024-07-23 08:12:24,21,25.04159,121.5378,21
500101243,1,2024-07-23 08:13:24,21,25.04159,121.5378,21
500101243,1,2024-07-23 08:14:25,21,25.04159,121.5378,21
500101243,1,2024-07-23 08:15:24,21,25.04159,121.5378,21
500101243,1,2024-07-23 08:16:25,21,25.04159,121.5378,21
500101243,1,2024-07-23 08:17:25,21,25.04159,121.5378,21
500101243,1,2024-07-23 08:18:25,21,25.04159,121.5378,21
500101243,1,2024-07-23 08:19:25,21,25.04159,121.5378,20
500101243,1,2024-07-23 08:20:31,21,25.04159,121.5378,20
500101243,1,2024-07-23 08:21:25,21,25.04159,121.5378,19
500101243,1,2024-07-23 08:22:25,21,25.04159,121.5378,19
500101243,1,2024-07-23 08:23:24,21,25.04159,121.5378,18
500101243,1,2024-07-23 08:24:24,21,25.04159,121.5378,19
500101243,1,2024-07-23 08:25:25,21,25.04159,121.5378,19
500101243,1,2024-07-23 08:26:25,21,25.04159,121.5378,19
500101243,1,2024-07-23 08:27:25,21,25.04159,121.5378,19
500101243,1,2024-07-23 08:28:24,21,25.04159,121.5378,18
500101243,1,2024-07-23 08:29:25,21,25.04159,121.5378,18
500101243,1,2024-07-23 08:30:31,21,25.04159,121.5378,18
500101243,1,2024-07-23 08:31:24,21,25.04159,121.5378,19
500101243,1,2024-07-23 08:32:26,21,25.04159,121.5378,19
500101243,1,2024-07-23 08:34:24,21,25.04159,121.5378,20
500101243,1,2024-07-23 08:34:24,21,25.04159,121.5378,20
500101243,1,2024-07-23 08:36:24,21,25.04159,121.5378,21
500101243,1,2024-07-23 08:37:25,21,25.04159,121.5378,21
500101243,1,2024-07-23 08:37:25,21,25.04159,121.5378,21
500101243,1,2024-07-23 08:39:24,21,25.04159,121.5378,19
500101243,1,2024-07-23 08:39:24,21,25.04159,121.5378,19
500101243,1,2024-07-23 08:41:24,21,25.04159,121.5378,20
500101243,1,2024-07-23 08:42:24,21,25.04159,121.5378,21
500101243,1,2024-07-23 08:43:25,21,25.04159,121.5378,21
500101243,1,2024-07-23 08:44:25,21,25.04159,121.5378,21
500101243,1,2024-07-23 08:45:25,21,25.04159,121.5378,21
500101243,1,2024-07-23 08:45:25,21,25.04159,121.5378,21
500101243,1,2024-07-23 08:47:25,21,25.04159,121.5378,21
500101243,1,2024-07-23 08:47:25,21,25.04159,121.5378,21
500101243,1,2024-07-23 08:49:25,21,25.04159,121.5378,21
500101243,1,2024-07-23 08:50:33,21,25.04159,121.5378,21
500101243,1,2024-07-23 08:51:24,21,25.04159,121.5378,20
500101243,1,2024-07-23 08:52:25,21,25.04159,121.5378,20
500101243,1,2024-07-23 08:53:25,21,25.04159,121.5378,19
500101243,1,2024-07-23 08:54:26,21,25.04159,121.5378,19
500101243,1,2024-07-23 08:55:24,21,25.04159,121.5378,19
500101243,1,2024-07-23 08:56:25,21,25.04159,121.5378,19
500101243,1,2024-07-23 08:57:25,21,25.04159,121.5378,18
500101243,1,2024-07-23 08:58:24,21,25.04159,121.5378,18
500101243,1,2024-07-23 08:59:25,21,25.04159,121.5378,18
500101243,1,2024-07-23 09:00:30,21,25.04159,121.5378,18
500101243,1,2024-07-23 09:01:24,21,25.04159,121.5378,19
500101243,1,2024-07-23 09:02:24,21,25.04159,121.5378,19
500101243,1,2024-07-23 09:03:24,21,25.04159,121.5378,19
500101243,1,2024-07-23 09:04:24,21,25.04159,121.5378,19
500101243,1,2024-07-23 09:05:24,21,25.04159,121.5378,19
500101243,1,2024-07-23 09:06:24,21,25.04159,121.5378,19
500101243,1,2024-07-23 09:07:25,21,25.04159,121.5378,19
500101243,1,2024-07-23 09:08:25,21,25.04159,121.5378,19
500101243,1,2024-07-23 09:09:24,21,25.04159,121.5378,19
500101243,1,2024-07-23 09:09:24,21,25.04159,121.5378,19
500101243,1,2024-07-23 09:11:24,21,25.04159,121.5378,19
500101243,1,2024-07-23 09:12:24,21,25.04159,121.5378,19
500101243,1,2024-07-23 09:13:24,21,25.04159,121.5378,19
500101243,1,2024-07-23 09:14:24,21,25.04159,121.5378,18
500101243,1,2024-07-23 09:15:24,21,25.04159,121.5378,18
500101243,1,2024-07-23 09:16:24,21,25.04159,121.5378,18
500101243,1,2024-07-23 09:17:24,21,25.04159,121.5378,18
500101243,1,2024-07-23 09:18:24,21,25.04159,121.5378,18
500101243,1,2024-07-23 09:19:24,21,25.04159,121.5378,18
500101243,1,2024-07-23 09:20:30,21,25.04159,121.5378,18
500101243,1,2024-07-23 09:21:24,21,25.04159,121.5378,18
500101243,1,2024-07-23 09:22:25,21,25.04159,121.5378,19
500101243,1,2024-07-23 09:23:24,21,25.04159,121.5378,19
500101243,1,2024-07-23 09:24:25,21,25.04159,121.5378,19
500101243,1,2024-07-23 09:25:24,21,25.04159,121.5378,18
500101243,1,2024-07-23 09:26:24,21,25.04159,121.5378,18
500101243,1,2024-07-23 09:27:23,21,25.04159,121.5378,18
500101243,1,2024-07-23 09:28:24,21,25.04159,121.5378,17
500101243,1,2024-07-23 09:29:24,21,25.04159,121.5378,19
500101243,1,2024-07-23 09:30:30,21,25.04159,121.5378,19
500101243,1,2024-07-23 09:31:24,21,25.04159,121.5378,19
500101243,1,2024-07-23 09:32:24,21,25.04159,121.5378,20
500101243,1,2024-07-23 09:33:24,21,25.04159,121.5378,20
500101243,1,2024-07-23 09:34:24,21,25.04159,121.5378,21
500101243,1,2024-07-23 09:35:25,21,25.04159,121.5378,21
500101243,1,2024-07-23 09:35:25,21,25.04159,121.5378,21
500101243,1,2024-07-23 09:37:24,21,25.04159,121.5378,21
500101243,1,2024-07-23 09:38:25,21,25.04159,121.5378,21
500101243,1,2024-07-23 09:39:24,21,25.04159,121.5378,21
500101243,1,2024-07-23 09:40:29,21,25.04159,121.5378,21
500101243,1,2024-07-23 09:41:24,21,25.04159,121.5378,21
500101243,1,2024-07-23 09:42:24,21,25.04159,121.5378,21
500101243,1,2024-07-23 09:43:24,21,25.04159,121.5378,21
500101243,1,2024-07-23 09:44:24,21,25.04159,121.5378,20
500101243,1,2024-07-23 09:45:24,21,25.04159,121.5378,20
500101243,1,2024-07-23 09:46:24,21,25.04159,121.5378,20
500101243,1,2024-07-23 09:47:24,21,25.04159,121.5378,20
500101243,1,2024-07-23 09:48:24,21,25.04159,121.5378,20
500101243,1,2024-07-23 09:49:23,21,25.04159,121.5378,20
500101243,1,2024-07-23 09:50:30,21,25.04159,121.5378,20
500101243,1,2024-07-23 09:51:24,21,25.04159,121.5378,21
500101243,1,2024-07-23 09:52:24,21,25.04159,121.5378,21
500101243,1,2024-07-23 09:53:24,21,25.04159,121.5378,20
500101243,1,2024-07-23 09:54:24,21,25.04159,121.5378,20
500101243,1,2024-07-23 09:55:23,21,25.04159,121.5378,20
500101243,1,2024-07-23 09:56:24,21,25.04159,121.5378,21
500101243,1,2024-07-23 09:57:25,21,25.04159,121.5378,21
500101243,1,2024-07-23 09:58:24,21,25.04159,121.5378,21
500101243,1,2024-07-23 09:59:24,21,25.04159,121.5378,21
500101243,1,2024-07-23 10:00:31,21,25.04159,121.5378,21
500101243,1,2024-07-23 10:01:24,21,25.04159,121.5378,21
500101243,1,2024-07-23 10:02:24,21,25.04159,121.5378,21
500101243,1,2024-07-23 10:03:24,21,25.04159,121.5378,21
500101243,1,2024-07-23 10:04:24,21,25.04159,121.5378,21
500101243,1,2024-07-23 10:05:24,21,25.04159,121.5378,21
500101243,1,2024-07-23 10:06:24,21,25.04159,121.5378,21
500101243,1,2024-07-23 10:07:23,21,25.04159,121.5378,21
500101243,1,2024-07-23 10:08:23,21,25.04159,121.5378,21
500101243,1,2024-07-23 10:09:24,21,25.04159,121.5378,21
500101243,1,2024-07-23 10:10:30,21,25.04159,121.5378,21
500101243,1,2024-07-23 10:11:23,21,25.04159,121.5378,21
500101243,1,2024-07-23 10:12:24,21,25.04159,121.5378,21
500101243,1,2024-07-23 10:13:23,21,25.04159,121.5378,21
500101243,1,2024-07-23 10:14:24,21,25.04159,121.5378,21
500101243,1,2024-07-23 10:15:23,21,25.04159,121.5378,21
500101243,1,2024-07-23 10:16:24,21,25.04159,121.5378,21
500101243,1,2024-07-23 10:17:23,21,25.04159,121.5378,21
500101243,1,2024-07-23 10:18:24,21,25.04159,121.5378,21
500101243,1,2024-07-23 10:19:24,21,25.04159,121.5378,21
500101243,1,2024-07-23 10:20:30,21,25.04159,121.5378,21
500101243,1,2024-07-23 10:21:24,21,25.04159,121.5378,21
500101243,1,2024-07-23 10:22:24,21,25.04159,121.5378,21
500101243,1,2024-07-23 10:23:24,21,25.04159,121.5378,21
500101243,1,2024-07-23 10:24:23,21,25.04159,121.5378,21
500101243,1,2024-07-23 10:25:24,21,25.04159,121.5378,21
500101243,1,2024-07-23 10:26:24,21,25.04159,121.5378,21
500101243,1,2024-07-23 10:27:24,21,25.04159,121.5378,21
500101243,1,2024-07-23 10:28:24,21,25.04159,121.5378,21
500101243,1,2024-07-23 10:29:24,21,25.04159,121.5378,21
500101243,1,2024-07-23 10:30:30,21,25.04159,121.5378,21
500101243,1,2024-07-23 10:31:23,21,25.04159,121.5378,21
500101243,1,2024-07-23 10:32:25,21,25.04159,121.5378,21
500101243,1,2024-07-23 10:33:23,21,25.04159,121.5378,21
500101243,1,2024-07-23 10:34:24,21,25.04159,121.5378,21
500101243,1,2024-07-23 10:35:24,21,25.04159,121.5378,21
500101243,1,2024-07-23 10:36:23,21,25.04159,121.5378,21
500101243,1,2024-07-23 10:37:23,21,25.04159,121.5378,20
500101243,1,2024-07-23 10:38:23,21,25.04159,121.5378,20
500101243,1,2024-07-23 10:39:24,21,25.04159,121.5378,20
500101243,1,2024-07-23 10:40:30,21,25.04159,121.5378,20
500101243,1,2024-07-23 10:41:24,21,25.04159,121.5378,20
500101243,1,2024-07-23 10:42:23,21,25.04159,121.5378,19
500101243,1,2024-07-23 10:43:24,21,25.04159,121.5378,20
500101243,1,2024-07-23 10:44:24,21,25.04159,121.5378,20
500101243,1,2024-07-23 10:45:24,21,25.04159,121.5378,19
500101243,1,2024-07-23 10:46:24,21,25.04159,121.5378,19
500101243,1,2024-07-23 10:47:24,21,25.04159,121.5378,19
500101243,1,2024-07-23 10:48:24,21,25.04159,121.5378,19
500101243,1,2024-07-23 10:49:24,21,25.04159,121.5378,19
500101243,1,2024-07-23 10:50:29,21,25.04159,121.5378,19
500101243,1,2024-07-23 10:51:23,21,25.04159,121.5378,19
500101243,1,2024-07-23 10:52:23,21,25.04159,121.5378,18
500101243,1,2024-07-23 10:53:23,21,25.04159,121.5378,18
500101243,1,2024-07-23 10:54:24,21,25.04159,121.5378,18
500101243,1,2024-07-23 10:55:23,21,25.04159,121.5378,18
500101243,1,2024-07-23 10:56:24,21,25.04159,121.5378,19
500101243,1,2024-07-23 10:57:24,21,25.04159,121.5378,18
500101243,1,2024-07-23 10:58:23,21,25.04159,121.5378,18
500101243,1,2024-07-23 10:59:23,21,25.04159,121.5378,18
500101243,1,2024-07-23 11:00:30,21,25.04159,121.5378,18
500101243,1,2024-07-23 11:01:24,21,25.04159,121.5378,19
500101243,1,2024-07-23 11:02:24,21,25.04159,121.5378,19
500101243,1,2024-07-23 11:03:24,21,25.04159,121.5378,19
500101243,1,2024-07-23 11:04:23,21,25.04159,121.5378,19
500101243,1,2024-07-23 11:05:24,21,25.04159,121.5378,18
500101243,1,2024-07-23 11:06:23,21,25.04159,121.5378,19
500101243,1,2024-07-23 11:07:24,21,25.04159,121.5378,19
500101243,1,2024-07-23 11:08:24,21,25.04159,121.5378,18
500101243,1,2024-07-23 11:09:24,21,25.04159,121.5378,18
500101243,1,2024-07-23 11:10:29,21,25.04159,121.5378,18
500101243,1,2024-07-23 11:11:24,21,25.04159,121.5378,18
500101243,1,2024-07-23 11:12:23,21,25.04159,121.5378,18
500101243,1,2024-07-23 11:13:24,21,25.04159,121.5378,18
500101243,1,2024-07-23 11:14:24,21,25.04159,121.5378,19
500101243,1,2024-07-23 11:15:24,21,25.04159,121.5378,19
500101243,1,2024-07-23 11:17:23,21,25.04159,121.5378,19
500101243,1,2024-07-23 11:17:23,21,25.04159,121.5378,19
500101243,1,2024-07-23 11:19:23,21,25.04159,121.5378,19
500101243,1,2024-07-23 11:20:30,21,25.04159,121.5378,19
500101243,1,2024-07-23 11:21:23,21,25.04159,121.5378,18
500101243,1,2024-07-23 11:22:24,21,25.04159,121.5378,19
500101243,1,2024-07-23 11:23:23,21,25.04159,121.5378,21
500101243,1,2024-07-23 11:24:24,21,25.04159,121.5378,21
500101243,1,2024-07-23 11:25:24,21,25.04159,121.5378,21
500101243,1,2024-07-23 11:26:24,21,25.04159,121.5378,21
500101243,1,2024-07-23 11:27:24,21,25.04159,121.5378,21
500101243,1,2024-07-23 11:28:24,21,25.04159,121.5378,20
500101243,1,2024-07-23 11:29:23,21,25.04159,121.5378,20
500101243,1,2024-07-23 11:30:29,21,25.04159,121.5378,20
500101243,1,2024-07-23 11:31:23,21,25.04159,121.5378,20
500101243,1,2024-07-23 11:31:23,21,25.04159,121.5378,20
500101243,1,2024-07-23 11:33:24,21,25.04159,121.5378,20
500101243,1,2024-07-23 11:34:24,21,25.04159,121.5378,21
500101243,1,2024-07-23 11:35:24,21,25.04159,121.5378,21
500101243,1,2024-07-23 11:35:24,21,25.04159,121.5378,21
500101243,1,2024-07-23 11:37:24,21,25.04159,121.5378,21
500101243,1,2024-07-23 11:38:24,21,25.04159,121.5378,21
500101243,1,2024-07-23 11:39:24,21,25.04159,121.5378,21
500101243,1,2024-07-23 11:40:29,21,25.04159,121.5378,21
500101243,1,2024-07-23 11:41:24,21,25.04159,121.5378,21
500101243,1,2024-07-23 11:42:24,21,25.04159,121.5378,21
500101243,1,2024-07-23 11:43:24,21,25.04159,121.5378,20
500101243,1,2024-07-23 11:44:24,21,25.04159,121.5378,20
500101243,1,2024-07-23 11:45:24,21,25.04159,121.5378,20
500101243,1,2024-07-23 11:46:24,21,25.04159,121.5378,20
500101243,1,2024-07-23 11:46:24,21,25.04159,121.5378,20
500101243,1,2024-07-23 11:48:25,21,25.04159,121.5378,21
500101243,1,2024-07-23 11:49:24,21,25.04159,121.5378,21
500101243,1,2024-07-23 11:50:31,21,25.04159,121.5378,21
500101243,1,2024-07-23 11:51:24,21,25.04159,121.5378,21
500101243,1,2024-07-23 11:52:24,21,25.04159,121.5378,21
500101243,1,2024-07-23 11:53:24,21,25.04159,121.5378,21
500101243,1,2024-07-23 11:54:24,21,25.04159,121.5378,21
500101243,1,2024-07-23 11:55:23,21,25.04159,121.5378,21
500101243,1,2024-07-23 11:56:24,21,25.04159,121.5378,20
500101243,1,2024-07-23 11:57:24,21,25.04159,121.5378,21
500101243,1,2024-07-23 11:58:24,21,25.04159,121.5378,20
500101243,1,2024-07-23 11:59:25,21,25.04159,121.5378,21
500101243,1,2024-07-23 12:00:37,21,25.04159,121.5378,21
500101243,1,2024-07-23 12:00:37,21,25.04159,121.5378,21
500101243,1,2024-07-23 12:02:50,21,25.04159,121.5378,21
500101243,1,2024-07-23 12:03:51,21,25.04159,121.5378,21
500101243,1,2024-07-23 12:03:51,21,25.04159,121.5378,21
500101243,1,2024-07-23 12:05:38,21,25.04159,121.5378,21
500101243,1,2024-07-23 12:06:30,21,25.04159,121.5378,21
500101243,1,2024-07-23 12:06:30,21,25.04159,121.5378,21
500101243,1,2024-07-23 12:08:37,21,25.04159,121.5378,20
500101243,1,2024-07-23 12:08:37,21,25.04159,121.5378,20
500101243,1,2024-07-23 12:10:42,21,25.04159,121.5378,20
500101243,1,2024-07-23 12:10:42,21,25.04159,121.5378,20
500101243,1,2024-07-23 12:12:26,21,25.04159,121.5378,20
500101243,1,2024-07-23 12:13:27,21,25.04159,121.5378,20
500101243,1,2024-07-23 12:14:25,21,25.04159,121.5378,21
500101243,1,2024-07-23 12:15:25,21,25.04159,121.5378,21
500101243,1,2024-07-23 12:16:25,21,25.04159,121.5378,21
500101243,1,2024-07-23 12:17:24,21,25.04159,121.5378,21
500101243,1,2024-07-23 12:18:25,21,25.04159,121.5378,21
500101243,1,2024-07-23 12:19:24,21,25.04159,121.5378,20
500101243,1,2024-07-23 12:19:24,21,25.04159,121.5378,20
500101243,1,2024-07-23 12:21:11,21,25.04159,121.5378,20
500101243,1,2024-07-23 12:21:11,21,25.04159,121.5378,20
500101243,1,2024-07-23 12:22:54,21,25.04159,121.5378,21
500101243,1,2024-07-23 12:24:39,21,25.04159,121.5378,21
500101243,1,2024-07-23 12:24:39,21,25.04159,121.5378,21
500101243,1,2024-07-23 12:24:39,21,25.04159,121.5378,21
500101243,1,2024-07-23 12:27:26,21,25.04159,121.5378,21
500101243,1,2024-07-23 12:28:27,21,25.04159,121.5378,21
500101243,1,2024-07-23 12:28:27,21,25.04159,121.5378,21
500101243,1,2024-07-23 12:30:33,21,25.04159,121.5378,21
500101243,1,2024-07-23 12:31:43,21,25.04159,121.5378,21
500101241,1,2024-07-23 12:32:25,20,25.03276,121.54907,19
500101241,1,2024-07-23 12:33:31,20,25.03276,121.54907,19
500101241,1,2024-07-23 12:34:25,20,25.03276,121.54907,19
500101241,1,2024-07-23 12:35:25,20,25.03276,121.54907,19
500101241,1,2024-07-23 12:37:24,20,25.03276,121.54907,19
500101241,1,2024-07-23 12:38:24,20,25.03276,121.54907,19
500101241,1,2024-07-23 12:38:24,20,25.03276,121.54907,19
500101241,1,2024-07-23 12:39:25,20,25.03276,121.54907,19
500101241,1,2024-07-23 12:40:31,20,25.03276,121.54907,15
500101241,1,2024-07-23 12:41:25,20,25.03276,121.54907,13
500101241,1,2024-07-23 12:42:25,20,25.03276,121.54907,13
500101241,1,2024-07-23 12:44:24,20,25.03276,121.54907,13
500101241,1,2024-07-23 12:45:25,20,25.03276,121.54907,14
500101241,1,2024-07-23 12:45:25,20,25.03276,121.54907,14
500101241,1,2024-07-23 12:46:24,20,25.03276,121.54907,14
500101241,1,2024-07-23 12:47:24,20,25.03276,121.54907,14
500101241,1,2024-07-23 12:48:25,20,25.03276,121.54907,14
500101241,1,2024-07-23 12:49:25,20,25.03276,121.54907,14
500101241,1,2024-07-23 12:50:32,20,25.03276,121.54907,15
500101241,1,2024-07-23 12:51:24,20,25.03276,121.54907,15
500101241,1,2024-07-23 12:52:24,20,25.03276,121.54907,12
500101241,1,2024-07-23 12:53:25,20,25.03276,121.54907,12
500101241,1,2024-07-23 12:54:25,20,25.03276,121.54907,14
500101241,1,2024-07-23 12:55:24,20,25.03276,121.54907,14
500101241,1,2024-07-23 12:56:25,20,25.03276,121.54907,14
500101241,1,2024-07-23 12:57:25,20,25.03276,121.54907,13
500101241,1,2024-07-23 12:58:25,20,25.03276,121.54907,12
500101241,1,2024-07-23 12:59:25,20,25.03276,121.54907,13
500101241,1,2024-07-23 13:00:31,20,25.03276,121.54907,13
500101241,1,2024-07-23 13:01:25,20,25.03276,121.54907,14
500101241,1,2024-07-23 13:02:25,20,25.03276,121.54907,13
500101241,1,2024-07-23 13:03:25,20,25.03276,121.54907,12
500101241,1,2024-07-23 13:04:25,20,25.03276,121.54907,12
500101241,1,2024-07-23 13:05:24,20,25.03276,121.54907,11
500101241,1,2024-07-23 13:06:25,20,25.03276,121.54907,11
500101241,1,2024-07-23 13:07:24,20,25.03276,121.54907,10
500101241,1,2024-07-23 13:08:25,20,25.03276,121.54907,10
500101241,1,2024-07-23 13:09:24,20,25.03276,121.54907,11
500101241,1,2024-07-23 13:10:31,20,25.03276,121.54907,11
500101241,1,2024-07-23 13:11:28,20,25.03276,121.54907,10
500101241,1,2024-07-23 13:12:24,20,25.03276,121.54907,10
500101241,1,2024-07-23 13:13:25,20,25.03276,121.54907,13
500101241,1,2024-07-23 13:14:24,20,25.03276,121.54907,13
500101241,1,2024-07-23 13:16:25,20,25.03276,121.54907,13
500101241,1,2024-07-23 13:16:25,20,25.03276,121.54907,13
500101241,1,2024-07-23 13:17:23,20,25.03276,121.54907,13
500101241,1,2024-07-23 13:18:24,20,25.03276,121.54907,10
500101241,1,2024-07-23 13:19:24,20,25.03276,121.54907,10
500101241,1,2024-07-23 13:20:30,20,25.03276,121.54907,10
500101241,1,2024-07-23 13:21:24,20,25.03276,121.54907,10
500101241,1,2024-07-23 13:22:24,20,25.03276,121.54907,9
500101241,1,2024-07-23 13:23:24,20,25.03276,121.54907,8
500101241,1,2024-07-23 13:24:23,20,25.03276,121.54907,7
500101241,1,2024-07-23 13:25:24,20,25.03276,121.54907,7
500101241,1,2024-07-23 13:27:23,20,25.03276,121.54907,6
500101241,1,2024-07-23 13:28:24,20,25.03276,121.54907,6
500101241,1,2024-07-23 13:29:23,20,25.03276,121.54907,6
500101241,1,2024-07-23 13:29:23,20,25.03276,121.54907,6
500101241,1,2024-07-23 13:31:24,20,25.03276,121.54907,5
500101241,1,2024-07-23 13:32:23,20,25.03276,121.54907,5
500101241,1,2024-07-23 13:33:23,20,25.03276,121.54907,5
500101241,1,2024-07-23 13:34:23,20,25.03276,121.54907,5
500101241,1,2024-07-23 13:35:23,20,25.03276,121.54907,5
500101241,1,2024-07-23 13:36:22,20,25.03276,121.54907,5
500101241,1,2024-07-23 13:37:22,20,25.03276,121.54907,5
500101241,1,2024-07-23 13:38:22,20,25.03276,121.54907,5
500101241,1,2024-07-23 13:39:22,20,25.03276,121.54907,5
500101241,1,2024-07-23 13:39:22,20,25.03276,121.54907,5
500101241,1,2024-07-23 13:40:29,20,25.03276,121.54907,5
500101241,1,2024-07-23 13:42:23,20,25.03276,121.54907,5
500101241,1,2024-07-23 13:42:23,20,25.03276,121.54907,5
500101241,1,2024-07-23 13:43:22,20,25.03276,121.54907,5
500101241,1,2024-07-23 13:44:23,20,25.03276,121.54907,5
500101241,1,2024-07-23 13:45:23,20,25.03276,121.54907,5
500101241,1,2024-07-23 13:46:22,20,25.03276,121.54907,5
500101241,1,2024-07-23 13:47:23,20,25.03276,121.54907,5
500101241,1,2024-07-23 13:48:23,20,25.03276,121.54907,5
500101241,1,2024-07-23 13:49:23,20,25.03276,121.54907,5
500101241,1,2024-07-23 13:50:29,20,25.03276,121.54907,5
500101241,1,2024-07-23 13:51:22,20,25.03276,121.54907,5
500101241,1,2024-07-23 13:52:23,20,25.03276,121.54907,5
500101241,1,2024-07-23 13:54:23,20,25.03276,121.54907,5
500101241,1,2024-07-23 13:55:22,20,25.03276,121.54907,5
500101241,1,2024-07-23 13:56:23,20,25.03276,121.54907,5
500101241,1,2024-07-23 13:57:23,20,25.03276,121.54907,5
500101241,1,2024-07-23 13:58:22,20,25.03276,121.54907,5
500101241,1,2024-07-23 13:58:22,20,25.03276,121.54907,5
500101241,1,2024-07-23 14:00:29,20,25.03276,121.54907,5
500101241,1,2024-07-23 14:01:23,20,25.03276,121.54907,5
500101241,1,2024-07-23 14:02:23,20,25.03276,121.54907,5
500101241,1,2024-07-23 14:02:23,20,25.03276,121.54907,5
500101241,1,2024-07-23 14:04:24,20,25.03276,121.54907,5
500101241,1,2024-07-23 14:04:24,20,25.03276,121.54907,5
500101241,1,2024-07-23 14:06:23,20,25.03276,121.54907,5
500101241,1,2024-07-23 14:07:24,20,25.03276,121.54907,6
500101241,1,2024-07-23 14:08:23,20,25.03276,121.54907,5
500101241,1,2024-07-23 14:09:24,20,25.03276,121.54907,5
500101241,1,2024-07-23 14:09:24,20,25.03276,121.54907,5
500101241,1,2024-07-23 14:11:24,20,25.03276,121.54907,5
500101241,1,2024-07-23 14:12:25,20,25.03276,121.54907,5
500101241,1,2024-07-23 14:13:24,20,25.03276,121.54907,4
500101241,1,2024-07-23 14:14:24,20,25.03276,121.54907,4
500101241,1,2024-07-23 14:14:24,20,25.03276,121.54907,4
500101241,1,2024-07-23 14:15:24,20,25.03276,121.54907,3
500101241,1,2024-07-23 14:17:23,20,25.03276,121.54907,4
500101241,1,2024-07-23 14:17:23,20,25.03276,121.54907,4
500101241,1,2024-07-23 14:19:24,20,25.03276,121.54907,5
500101241,1,2024-07-23 14:19:24,20,25.03276,121.54907,5
500101241,1,2024-07-23 14:20:30,20,25.03276,121.54907,5
500101241,1,2024-07-23 14:21:24,20,25.03276,121.54907,6
500101241,1,2024-07-23 14:23:24,20,25.03276,121.54907,8
500101241,1,2024-07-23 14:23:24,20,25.03276,121.54907,8
500101241,1,2024-07-23 14:25:24,20,25.03276,121.54907,8
500101241,1,2024-07-23 14:25:24,20,25.03276,121.54907,8
500101241,1,2024-07-23 14:26:24,20,25.03276,121.54907,8
500101241,1,2024-07-23 14:27:24,20,25.03276,121.54907,9
500101241,1,2024-07-23 14:28:24,20,25.03276,121.54907,8
500101241,1,2024-07-23 14:29:24,20,25.03276,121.54907,8
500101241,1,2024-07-23 14:30:30,20,25.03276,121.54907,8
500101241,1,2024-07-23 14:31:24,20,25.03276,121.54907,9
500101241,1,2024-07-23 14:32:24,20,25.03276,121.54907,10
500101241,1,2024-07-23 14:33:24,20,25.03276,121.54907,10
500101241,1,2024-07-23 14:34:24,20,25.03276,121.54907,10
500101241,1,2024-07-23 14:35:24,20,25.03276,121.54907,10
500101241,1,2024-07-23 14:36:24,20,25.03276,121.54907,11
500101241,1,2024-07-23 14:37:24,20,25.03276,121.54907,10
500101241,1,2024-07-23 14:38:24,20,25.03276,121.54907,10
500101241,1,2024-07-23 14:39:24,20,25.03276,121.54907,10
500101241,1,2024-07-23 14:40:30,20,25.03276,121.54907,10
500101241,1,2024-07-23 14:41:23,20,25.03276,121.54907,9
500101241,1,2024-07-23 14:42:24,20,25.03276,121.54907,10
500101241,1,2024-07-23 14:43:24,20,25.03276,121.54907,10
500101241,1,2024-07-23 14:44:24,20,25.03276,121.54907,10
500101241,1,2024-07-23 14:45:24,20,25.03276,121.54907,10
500101241,1,2024-07-23 14:46:24,20,25.03276,121.54907,10
500101241,1,2024-07-23 14:47:23,20,25.03276,121.54907,10
500101241,1,2024-07-23 14:48:24,20,25.03276,121.54907,10
500101241,1,2024-07-23 14:49:24,20,25.03276,121.54907,10
500101241,1,2024-07-23 14:50:30,20,25.03276,121.54907,10
500101241,1,2024-07-23 14:51:24,20,25.03276,121.54907,10
500101241,1,2024-07-23 14:52:23,20,25.03276,121.54907,10
500101241,1,2024-07-23 14:53:23,20,25.03276,121.54907,10
500101241,1,2024-07-23 14:54:24,20,25.03276,121.54907,10
500101241,1,2024-07-23 14:55:24,20,25.03276,121.54907,10
500101241,1,2024-07-23 14:56:24,20,25.03276,121.54907,9
500101241,1,2024-07-23 14:57:24,20,25.03276,121.54907,9
500101241,1,2024-07-23 14:58:24,20,25.03276,121.54907,7
500101241,1,2024-07-23 14:59:23,20,25.03276,121.54907,7
500101241,1,2024-07-23 15:00:29,20,25.03276,121.54907,7
500101241,1,2024-07-23 15:01:24,20,25.03276,121.54907,7
500101241,1,2024-07-23 15:02:24,20,25.03276,121.54907,7
500101241,1,2024-07-23 15:03:28,20,25.03276,121.54907,7
500101241,1,2024-07-23 15:04:24,20,25.03276,121.54907,8
500101241,1,2024-07-23 15:05:24,20,25.03276,121.54907,8
500101241,1,2024-07-23 15:06:24,20,25.03276,121.54907,8
500101241,1,2024-07-23 15:07:24,20,25.03276,121.54907,8
500101241,1,2024-07-23 15:08:24,20,25.03276,121.54907,8
500101241,1,2024-07-23 15:09:24,20,25.03276,121.54907,7
500101241,1,2024-07-23 15:10:30,20,25.03276,121.54907,7
500101241,1,2024-07-23 15:11:24,20,25.03276,121.54907,7
500101241,1,2024-07-23 15:12:23,20,25.03276,121.54907,7
500101241,1,2024-07-23 15:13:23,20,25.03276,121.54907,7
500101241,1,2024-07-23 15:14:24,20,25.03276,121.54907,7
500101241,1,2024-07-23 15:15:24,20,25.03276,121.54907,7
500101241,1,2024-07-23 15:16:24,20,25.03276,121.54907,7
500101241,1,2024-07-23 15:17:23,20,25.03276,121.54907,7
500101241,1,2024-07-23 15:18:24,20,25.03276,121.54907,7
500101241,1,2024-07-23 15:19:24,20,25.03276,121.54907,7
500101241,1,2024-07-23 15:20:30,20,25.03276,121.54907,7
500101241,1,2024-07-23 15:21:24,20,25.03276,121.54907,7
500101241,1,2024-07-23 15:22:24,20,25.03276,121.54907,7
500101241,1,2024-07-23 15:23:24,20,25.03276,121.54907,7
500101241,1,2024-07-23 15:24:23,20,25.03276,121.54907,7
500101241,1,2024-07-23 15:25:24,20,25.03276,121.54907,7
500101241,1,2024-07-23 15:28:24,20,25.03276,121.54907,7
500101241,1,2024-07-23 15:29:24,20,25.03276,121.54907,7
500101241,1,2024-07-23 15:29:24,20,25.03276,121.54907,7
500101241,1,2024-07-23 15:31:24,20,25.03276,121.54907,7
500101241,1,2024-07-23 15:32:24,20,25.03276,121.54907,6
500101241,1,2024-07-23 15:33:24,20,25.03276,121.54907,6
500101241,1,2024-07-23 15:34:24,20,25.03276,121.54907,6
500101241,1,2024-07-23 15:35:24,20,25.03276,121.54907,6
500101241,1,2024-07-23 15:36:23,20,25.03276,121.54907,6
500101241,1,2024-07-23 15:36:23,20,25.03276,121.54907,6
500101241,1,2024-07-23 15:38:24,20,25.03276,121.54907,5
500101241,1,2024-07-23 15:39:24,20,25.03276,121.54907,5
500101241,1,2024-07-23 15:39:24,20,25.03276,121.54907,5
500101241,1,2024-07-23 15:40:30,20,25.03276,121.54907,5
500101241,1,2024-07-23 15:41:23,20,25.03276,121.54907,4
500101241,1,2024-07-23 15:43:24,20,25.03276,121.54907,4
500101241,1,2024-07-23 15:44:24,20,25.03276,121.54907,4
500101241,1,2024-07-23 15:45:23,20,25.03276,121.54907,4
500101241,1,2024-07-23 15:46:23,20,25.03276,121.54907,4
500101241,1,2024-07-23 15:47:23,20,25.03276,121.54907,4
500101241,1,2024-07-23 15:48:24,20,25.03276,121.54907,4
500101241,1,2024-07-23 15:49:23,20,25.03276,121.54907,4
500101241,1,2024-07-23 15:49:23,20,25.03276,121.54907,4
500101241,1,2024-07-23 15:51:24,20,25.03276,121.54907,4
500101241,1,2024-07-23 15:52:23,20,25.03276,121.54907,4
500101241,1,2024-07-23 15:53:24,20,25.03276,121.54907,4
500101241,1,2024-07-23 15:54:24,20,25.03276,121.54907,4
500101241,1,2024-07-23 15:55:23,20,25.03276,121.54907,4
500101241,1,2024-07-23 15:56:24,20,25.03276,121.54907,4
500101241,1,2024-07-23 15:57:24,20,25.03276,121.54907,4
500101241,1,2024-07-23 15:58:23,20,25.03276,121.54907,4
500101241,1,2024-07-23 15:59:23,20,25.03276,121.54907,4
500101241,1,2024-07-23 15:59:23,20,25.03276,121.54907,4
500101241,1,2024-07-23 16:01:24,20,25.03276,121.54907,4
500101241,1,2024-07-23 16:02:25,20,25.03276,121.54907,4
500101241,1,2024-07-23 16:03:24,20,25.03276,121.54907,4
500101241,1,2024-07-23 16:04:24,20,25.03276,121.54907,4
500101241,1,2024-07-23 16:05:24,20,25.03276,121.54907,3
500101241,1,2024-07-23 16:06:24,20,25.03276,121.54907,3
500101241,1,2024-07-23 16:07:23,20,25.03276,121.54907,3
500101241,1,2024-07-23 16:08:24,20,25.03276,121.54907,4
500101241,1,2024-07-23 16:09:24,20,25.03276,121.54907,4
500101241,1,2024-07-23 16:09:24,20,25.03276,121.54907,4
500101241,1,2024-07-23 16:11:25,20,25.03276,121.54907,5
500101241,1,2024-07-23 16:12:24,20,25.03276,121.54907,6
500101241,1,2024-07-23 16:13:24,20,25.03276,121.54907,5
500101241,1,2024-07-23 16:14:24,20,25.03276,121.54907,5
500101241,1,2024-07-23 16:15:24,20,25.03276,121.54907,5
500101241,1,2024-07-23 16:16:24,20,25.03276,121.54907,5
500101241,1,2024-07-23 16:17:24,20,25.03276,121.54907,5
500101241,1,2024-07-23 16:18:24,20,25.03276,121.54907,5
500101241,1,2024-07-23 16:19:24,20,25.03276,121.54907,4
500101241,1,2024-07-23 16:19:24,20,25.03276,121.54907,4
500101241,1,2024-07-23 16:21:24,20,25.03276,121.54907,4
500101241,1,2024-07-23 16:22:24,20,25.03276,121.54907,4
500101241,1,2024-07-23 16:23:24,20,25.03276,121.54907,4
500101241,1,2024-07-23 16:24:24,20,25.03276,121.54907,4
500101241,1,2024-07-23 16:25:24,20,25.03276,121.54907,4
500101241,1,2024-07-23 16:26:24,20,25.03276,121.54907,4
500101241,1,2024-07-23 16:27:24,20,25.03276,121.54907,4
500101241,1,2024-07-23 16:27:24,20,25.03276,121.54907,4
500101241,1,2024-07-23 16:28:24,20,25.03276,121.54907,4
500101241,1,2024-07-23 16:30:30,20,25.03276,121.54907,4
500101241,1,2024-07-23 16:31:25,20,25.03276,121.54907,3
500101241,1,2024-07-23 16:32:24,20,25.03276,121.54907,3
500101241,1,2024-07-23 16:33:24,20,25.03276,121.54907,4
500101241,1,2024-07-23 16:34:25,20,25.03276,121.54907,5
500101241,1,2024-07-23 16:35:24,20,25.03276,121.54907,5
500101241,1,2024-07-23 16:36:25,20,25.03276,121.54907,5
500101241,1,2024-07-23 16:37:24,20,25.03276,121.54907,5
500101241,1,2024-07-23 16:38:24,20,25.03276,121.54907,5
500101241,1,2024-07-23 16:39:25,20,25.03276,121.54907,5
500101241,1,2024-07-23 16:39:25,20,25.03276,121.54907,5
500101241,1,2024-07-23 16:41:25,20,25.03276,121.54907,4
500101241,1,2024-07-23 16:42:24,20,25.03276,121.54907,4
500101241,1,2024-07-23 16:43:24,20,25.03276,121.54907,4
500101241,1,2024-07-23 16:44:25,20,25.03276,121.54907,4
500101241,1,2024-07-23 16:45:24,20,25.03276,121.54907,4
500101241,1,2024-07-23 16:46:25,20,25.03276,121.54907,4
500101241,1,2024-07-23 16:47:24,20,25.03276,121.54907,4
500101241,1,2024-07-23 16:48:24,20,25.03276,121.54907,5
500101241,1,2024-07-23 16:49:25,20,25.03276,121.54907,5
500101241,1,2024-07-23 16:49:25,20,25.03276,121.54907,5
500101241,1,2024-07-23 16:51:24,20,25.03276,121.54907,5
500101241,1,2024-07-23 16:52:25,20,25.03276,121.54907,5
500101241,1,2024-07-23 16:53:25,20,25.03276,121.54907,6
500101241,1,2024-07-23 16:54:24,20,25.03276,121.54907,7
500101241,1,2024-07-23 16:55:24,20,25.03276,121.54907,7
500101241,1,2024-07-23 16:56:25,20,25.03276,121.54907,7
500101241,1,2024-07-23 16:57:25,20,25.03276,121.54907,7
500101241,1,2024-07-23 16:58:24,20,25.03276,121.54907,7
500101241,1,2024-07-23 16:59:25,20,25.03276,121.54907,7
500101241,1,2024-07-23 16:59:25,20,25.03276,121.54907,7
500101241,1,2024-07-23 17:01:25,20,25.03276,121.54907,6
500101241,1,2024-07-23 17:02:25,20,25.03276,121.54907,6
500101241,1,2024-07-23 17:03:26,20,25.03276,121.54907,7
500101241,1,2024-07-23 17:04:25,20,25.03276,121.54907,7
500101241,1,2024-07-23 17:05:25,20,25.03276,121.54907,7
500101241,1,2024-07-23 17:06:25,20,25.03276,121.54907,7
500101241,1,2024-07-23 17:07:25,20,25.03276,121.54907,7
500101241,1,2024-07-23 17:08:24,20,25.03276,121.54907,7
500101241,1,2024-07-23 17:09:25,20,25.03276,121.54907,8
500101241,1,2024-07-23 17:09:25,20,25.03276,121.54907,8
500101241,1,2024-07-23 17:11:26,20,25.03276,121.54907,10
500101241,1,2024-07-23 17:12:25,20,25.03276,121.54907,11
500101241,1,2024-07-23 17:13:25,20,25.03276,121.54907,11
500101241,1,2024-07-23 17:14:25,20,25.03276,121.54907,11
500101241,1,2024-07-23 17:15:26,20,25.03276,121.54907,11
500101241,1,2024-07-23 17:16:26,20,25.03276,121.54907,12
500101241,1,2024-07-23 17:17:24,20,25.03276,121.54907,12
500101241,1,2024-07-23 17:18:25,20,25.03276,121.54907,12
500101241,1,2024-07-23 17:19:25,20,25.03276,121.54907,12
500101241,1,2024-07-23 17:20:32,20,25.03276,121.54907,12
500101241,1,2024-07-23 17:21:25,20,25.03276,121.54907,11
500101241,1,2024-07-23 17:22:26,20,25.03276,121.54907,11
500101241,1,2024-07-23 17:23:25,20,25.03276,121.54907,11
500101241,1,2024-07-23 17:24:25,20,25.03276,121.54907,11
500101241,1,2024-07-23 17:25:25,20,25.03276,121.54907,11
500101241,1,2024-07-23 17:26:25,20,25.03276,121.54907,12
500101241,1,2024-07-23 17:27:25,20,25.03276,121.54907,12
500101241,1,2024-07-23 17:28:24,20,25.03276,121.54907,12
500101241,1,2024-07-23 17:29:24,20,25.03276,121.54907,13
500101241,1,2024-07-23 17:29:24,20,25.03276,121.54907,13
500101241,1,2024-07-23 17:31:25,20,25.03276,121.54907,14
500101241,1,2024-07-23 17:32:25,20,25.03276,121.54907,15
500101241,1,2024-07-23 17:33:26,20,25.03276,121.54907,16
500101241,1,2024-07-23 17:34:25,20,25.03276,121.54907,16
500101241,1,2024-07-23 17:35:25,20,25.03276,121.54907,16
500101241,1,2024-07-23 17:35:25,20,25.03276,121.54907,16
500101241,1,2024-07-23 17:37:25,20,25.03276,121.54907,17
500101241,1,2024-07-23 17:38:26,20,25.03276,121.54907,16
500101241,1,2024-07-23 17:39:25,20,25.03276,121.54907,16
500101241,1,2024-07-23 17:39:25,20,25.03276,121.54907,16
500101241,1,2024-07-23 17:41:25,20,25.03276,121.54907,18
500101241,1,2024-07-23 17:42:26,20,25.03276,121.54907,18
500101241,1,2024-07-23 17:43:25,20,25.03276,121.54907,18
500101241,1,2024-07-23 17:44:25,20,25.03276,121.54907,19
500101241,1,2024-07-23 17:45:25,20,25.03276,121.54907,19
500101241,1,2024-07-23 17:46:25,20,25.03276,121.54907,20
500101241,1,2024-07-23 17:47:26,20,25.03276,121.54907,20
500101241,1,2024-07-23 17:48:25,20,25.03276,121.54907,20
500101241,1,2024-07-23 17:49:26,20,25.03276,121.54907,20
500101241,1,2024-07-23 17:49:26,20,25.03276,121.54907,20
500101241,1,2024-07-23 17:51:25,20,25.03276,121.54907,20
500101241,1,2024-07-23 17:52:25,20,25.03276,121.54907,19
500101241,1,2024-07-23 17:53:25,20,25.03276,121.54907,18
500101241,1,2024-07-23 17:54:26,20,25.03276,121.54907,19
500101241,1,2024-07-23 17:55:25,20,25.03276,121.54907,19
500101241,1,2024-07-23 17:56:26,20,25.03276,121.54907,18
500101241,1,2024-07-23 17:57:25,20,25.03276,121.54907,18
500101241,1,2024-07-23 17:58:26,20,25.03276,121.54907,18
500101241,1,2024-07-23 17:59:25,20,25.03276,121.54907,18
500101241,1,2024-07-23 17:59:25,20,25.03276,121.54907,18
500101241,1,2024-07-23 18:01:25,20,25.03276,121.54907,19
500101241,1,2024-07-23 18:02:27,20,25.03276,121.54907,19
500101241,1,2024-07-23 18:03:25,20,25.03276,121.54907,19
500101241,1,2024-07-23 18:04:26,20,25.03276,121.54907,20
500101241,1,2024-07-23 18:05:25,20,25.03276,121.54907,20
500101241,1,2024-07-23 18:06:26,20,25.03276,121.54907,20
500101241,1,2024-07-23 18:07:26,20,25.03276,121.54907,20
500101241,1,2024-07-23 18:08:25,20,25.03276,121.54907,20
500101241,1,2024-07-23 18:09:25,20,25.03276,121.54907,20
500101241,1,2024-07-23 18:09:25,20,25.03276,121.54907,20
500101241,1,2024-07-23 18:11:26,20,25.03276,121.54907,20
500101241,1,2024-07-23 18:12:25,20,25.03276,121.54907,20
500101241,1,2024-07-23 18:13:26,20,25.03276,121.54907,19
500101241,1,2024-07-23 18:13:26,20,25.03276,121.54907,19
500101241,1,2024-07-23 18:14:29,20,25.03276,121.54907,17
500101241,1,2024-07-23 18:16:25,20,25.03276,121.54907,20
500101241,1,2024-07-23 18:17:25,20,25.03276,121.54907,20
500101241,1,2024-07-23 18:18:26,20,25.03276,121.54907,19
500101241,1,2024-07-23 18:19:24,20,25.03276,121.54907,20
500101241,1,2024-07-23 18:19:24,20,25.03276,121.54907,20
500101241,1,2024-07-23 18:21:25,20,25.03276,121.54907,19
500101241,1,2024-07-23 18:22:25,20,25.03276,121.54907,20
500101241,1,2024-07-23 18:23:26,20,25.03276,121.54907,19
500101241,1,2024-07-23 18:24:26,20,25.03276,121.54907,19
500101241,1,2024-07-23 18:25:25,20,25.03276,121.54907,19
500101241,1,2024-07-23 18:26:25,20,25.03276,121.54907,19
500101241,1,2024-07-23 18:27:25,20,25.03276,121.54907,19
500101241,1,2024-07-23 18:28:25,20,25.03276,121.54907,19
500101241,1,2024-07-23 18:29:25,20,25.03276,121.54907,17
500101241,1,2024-07-23 18:31:25,20,25.03276,121.54907,16
500101241,1,2024-07-23 18:31:25,20,25.03276,121.54907,16
500101241,1,2024-07-23 18:32:26,20,25.03276,121.54907,15
500101241,1,2024-07-23 18:33:26,20,25.03276,121.54907,16
500101241,1,2024-07-23 18:35:25,20,25.03276,121.54907,16
500101241,1,2024-07-23 18:35:25,20,25.03276,121.54907,16
500101241,1,2024-07-23 18:36:25,20,25.03276,121.54907,16
500101241,1,2024-07-23 18:37:26,20,25.03276,121.54907,15
500101241,1,2024-07-23 18:38:25,20,25.03276,121.54907,15
500101241,1,2024-07-23 18:39:25,20,25.03276,121.54907,15
500101241,1,2024-07-23 18:40:33,20,25.03276,121.54907,16
500101241,1,2024-07-23 18:41:25,20,25.03276,121.54907,16
500101241,1,2024-07-23 18:42:25,20,25.03276,121.54907,16
500101241,1,2024-07-23 18:43:25,20,25.03276,121.54907,16
500101241,1,2024-07-23 18:45:24,20,25.03276,121.54907,17
500101241,1,2024-07-23 18:45:24,20,25.03276,121.54907,17
500101241,1,2024-07-23 18:46:25,20,25.03276,121.54907,17
500101241,1,2024-07-23 18:47:25,20,25.03276,121.54907,17
500101241,1,2024-07-23 18:48:25,20,25.03276,121.54907,17
500101241,1,2024-07-23 18:49:25,20,25.03276,121.54907,17
500101241,1,2024-07-23 18:50:32,20,25.03276,121.54907,18
500101241,1,2024-07-23 18:51:25,20,25.03276,121.54907,18
500101241,1,2024-07-23 18:52:25,20,25.03276,121.54907,18
500101241,1,2024-07-23 18:53:24,20,25.03276,121.54907,19
500101241,1,2024-07-23 18:54:26,20,25.03276,121.54907,19
500101241,1,2024-07-23 18:55:24,20,25.03276,121.54907,19
500101241,1,2024-07-23 18:56:25,20,25.03276,121.54907,19
500101241,1,2024-07-23 18:57:26,20,25.03276,121.54907,18
500101241,1,2024-07-23 18:58:24,20,25.03276,121.54907,18
500101241,1,2024-07-23 18:59:25,20,25.03276,121.54907,19
500101241,1,2024-07-23 19:00:31,20,25.03276,121.54907,19
500101241,1,2024-07-23 19:01:25,20,25.03276,121.54907,19
500101241,1,2024-07-23 19:02:25,20,25.03276,121.54907,19
500101241,1,2024-07-23 19:03:25,20,25.03276,121.54907,18
500101241,1,2024-07-23 19:04:25,20,25.03276,121.54907,18
500101241,1,2024-07-23 19:06:24,20,25.03276,121.54907,19
500101241,1,2024-07-23 19:07:25,20,25.03276,121.54907,19
500101241,1,2024-07-23 19:08:25,20,25.03276,121.54907,20
500101241,1,2024-07-23 19:09:24,20,25.03276,121.54907,19
500101241,1,2024-07-23 19:09:24,20,25.03276,121.54907,19
500101241,1,2024-07-23 19:11:25,20,25.03276,121.54907,20
500101241,1,2024-07-23 19:12:24,20,25.03276,121.54907,20
500101241,1,2024-07-23 19:13:24,20,25.03276,121.54907,20
500101241,1,2024-07-23 19:14:24,20,25.03276,121.54907,20
500101241,1,2024-07-23 19:15:25,20,25.03276,121.54907,20
500101241,1,2024-07-23 19:16:24,20,25.03276,121.54907,20
500101241,1,2024-07-23 19:17:24,20,25.03276,121.54907,20
500101241,1,2024-07-23 19:18:24,20,25.03276,121.54907,20
500101241,1,2024-07-23 19:19:24,20,25.03276,121.54907,20
500101241,1,2024-07-23 19:19:24,20,25.03276,121.54907,20
500101241,1,2024-07-23 19:21:24,20,25.03276,121.54907,20
500101241,1,2024-07-23 19:22:25,20,25.03276,121.54907,20
500101241,1,2024-07-23 19:23:24,20,25.03276,121.54907,20
500101241,1,2024-07-23 19:24:24,20,25.03276,121.54907,20
500101241,1,2024-07-23 19:25:24,20,25.03276,121.54907,20
500101241,1,2024-07-23 19:26:24,20,25.03276,121.54907,19
500101241,1,2024-07-23 19:27:25,20,25.03276,121.54907,20
500101241,1,2024-07-23 19:28:25,20,25.03276,121.54907,20
500101241,1,2024-07-23 19:29:25,20,25.03276,121.54907,20
500101241,1,2024-07-23 19:29:25,20,25.03276,121.54907,20
500101241,1,2024-07-23 19:31:25,20,25.03276,121.54907,19
500101241,1,2024-07-23 19:32:24,20,25.03276,121.54907,19
500101241,1,2024-07-23 19:33:24,20,25.03276,121.54907,19
500101241,1,2024-07-23 19:34:23,20,25.03276,121.54907,20
500101241,1,2024-07-23 19:35:24,20,25.03276,121.54907,20
500101241,1,2024-07-23 19:36:24,20,25.03276,121.54907,20
500101241,1,2024-07-23 19:37:25,20,25.03276,121.54907,19
500101241,1,2024-07-23 19:38:25,20,25.03276,121.54907,19
500101241,1,2024-07-23 19:39:24,20,25.03276,121.54907,19
500101241,1,2024-07-23 19:39:24,20,25.03276,121.54907,19
500101241,1,2024-07-23 19:41:24,20,25.03276,121.54907,19
500101241,1,2024-07-23 19:42:24,20,25.03276,121.54907,19
500101241,1,2024-07-23 19:43:25,20,25.03276,121.54907,20
500101241,1,2024-07-23 19:44:24,20,25.03276,121.54907,20
500101241,1,2024-07-23 19:45:25,20,25.03276,121.54907,20
500101241,1,2024-07-23 19:46:25,20,25.03276,121.54907,19
500101241,1,2024-07-23 19:47:25,20,25.03276,121.54907,19
500101241,1,2024-07-23 19:48:24,20,25.03276,121.54907,19
500101241,1,2024-07-23 19:49:24,20,25.03276,121.54907,19
500101241,1,2024-07-23 19:49:24,20,25.03276,121.54907,19
500101241,1,2024-07-23 19:51:24,20,25.03276,121.54907,19
500101241,1,2024-07-23 19:52:23,20,25.03276,121.54907,19
500101241,1,2024-07-23 19:53:24,20,25.03276,121.54907,19
500101241,1,2024-07-23 19:54:24,20,25.03276,121.54907,19
500101241,1,2024-07-23 19:55:24,20,25.03276,121.54907,19
500101241,1,2024-07-23 19:56:24,20,25.03276,121.54907,19
500101241,1,2024-07-23 19:57:25,20,25.03276,121.54907,20
500101241,1,2024-07-23 19:58:24,20,25.03276,121.54907,20
500101241,1,2024-07-23 19:59:24,20,25.03276,121.54907,20
500101241,1,2024-07-23 19:59:24,20,25.03276,121.54907,20
500101241,1,2024-07-23 20:01:24,20,25.03276,121.54907,19
500101241,1,2024-07-23 20:02:24,20,25.03276,121.54907,19
500101241,1,2024-07-23 20:03:24,20,25.03276,121.54907,19
500101241,1,2024-07-23 20:04:24,20,25.03276,121.54907,19
500101241,1,2024-07-23 20:05:24,20,25.03276,121.54907,19
500101241,1,2024-07-23 20:06:23,20,25.03276,121.54907,20
500101241,1,2024-07-23 20:07:24,20,25.03276,121.54907,19
500101241,1,2024-07-23 20:08:24,20,25.03276,121.54907,19
500101241,1,2024-07-23 20:09:24,20,25.03276,121.54907,19
500101241,1,2024-07-23 20:09:24,20,25.03276,121.54907,19
500101241,1,2024-07-23 20:11:24,20,25.03276,121.54907,19
500101241,1,2024-07-23 20:12:23,20,25.03276,121.54907,19
500101241,1,2024-07-23 20:13:24,20,25.03276,121.54907,19
500101241,1,2024-07-23 20:14:24,20,25.03276,121.54907,19
500101241,1,2024-07-23 20:15:24,20,25.03276,121.54907,19
500101241,1,2024-07-23 20:16:24,20,25.03276,121.54907,19
500101241,1,2024-07-23 20:17:23,20,25.03276,121.54907,19
500101241,1,2024-07-23 20:18:24,20,25.03276,121.54907,19
500101241,1,2024-07-23 20:19:24,20,25.03276,121.54907,19
500101241,1,2024-07-23 20:19:24,20,25.03276,121.54907,19
500101241,1,2024-07-23 20:21:24,20,25.03276,121.54907,19
500101241,1,2024-07-23 20:22:24,20,25.03276,121.54907,19
500101241,1,2024-07-23 20:23:24,20,25.03276,121.54907,19
500101241,1,2024-07-23 20:24:24,20,25.03276,121.54907,19
500101241,1,2024-07-23 20:25:24,20,25.03276,121.54907,20
500101241,1,2024-07-23 20:26:24,20,25.03276,121.54907,20
500101241,1,2024-07-23 20:27:24,20,25.03276,121.54907,20
500101241,1,2024-07-23 20:28:24,20,25.03276,121.54907,20
500101241,1,2024-07-23 20:29:24,20,25.03276,121.54907,20
500101241,1,2024-07-23 20:29:24,20,25.03276,121.54907,20
500101241,1,2024-07-23 20:31:24,20,25.03276,121.54907,20
500101241,1,2024-07-23 20:32:24,20,25.03276,121.54907,20
500101241,1,2024-07-23 20:33:24,20,25.03276,121.54907,20
500101241,1,2024-07-23 20:33:24,20,25.03276,121.54907,20
500101241,1,2024-07-23 20:34:24,20,25.03276,121.54907,20
500101241,1,2024-07-23 20:35:24,20,25.03276,121.54907,19
500101241,1,2024-07-23 20:37:23,20,25.03276,121.54907,18
500101241,1,2024-07-23 20:37:23,20,25.03276,121.54907,18
500101241,1,2024-07-23 20:38:24,20,25.03276,121.54907,18
500101241,1,2024-07-23 20:39:24,20,25.03276,121.54907,18
500101241,1,2024-07-23 20:40:31,20,25.03276,121.54907,18
500101241,1,2024-07-23 20:41:24,20,25.03276,121.54907,18
500101241,1,2024-07-23 20:42:24,20,25.03276,121.54907,18
500101241,1,2024-07-23 20:43:24,20,25.03276,121.54907,18
500101241,1,2024-07-23 20:44:24,20,25.03276,121.54907,18
500101241,1,2024-07-23 20:45:24,20,25.03276,121.54907,17
500101241,1,2024-07-23 20:46:24,20,25.03276,121.54907,17
500101241,1,2024-07-23 20:48:24,20,25.03276,121.54907,16
500101241,1,2024-07-23 20:49:24,20,25.03276,121.54907,16
500101241,1,2024-07-23 20:49:24,20,25.03276,121.54907,16
500101241,1,2024-07-23 20:51:23,20,25.03276,121.54907,16
500101241,1,2024-07-23 20:52:24,20,25.03276,121.54907,18
500101241,1,2024-07-23 20:53:24,20,25.03276,121.54907,17
500101241,1,2024-07-23 20:54:24,20,25.03276,121.54907,19
500101241,1,2024-07-23 20:55:27,20,25.03276,121.54907,19
500101241,1,2024-07-23 20:56:24,20,25.03276,121.54907,19
500101241,1,2024-07-23 20:57:24,20,25.03276,121.54907,19
500101241,1,2024-07-23 20:58:24,20,25.03276,121.54907,19
500101241,1,2024-07-23 20:59:23,20,25.03276,121.54907,19
500101241,1,2024-07-23 21:00:30,20,25.03276,121.54907,19
500101241,1,2024-07-23 21:01:24,20,25.03276,121.54907,19
500101241,1,2024-07-23 21:02:24,20,25.03276,121.54907,19
500101241,1,2024-07-23 21:03:24,20,25.03276,121.54907,20
500101241,1,2024-07-23 21:04:24,20,25.03276,121.54907,20
500101241,1,2024-07-23 21:05:24,20,25.03276,121.54907,20
500101241,1,2024-07-23 21:06:24,20,25.03276,121.54907,20
500101241,1,2024-07-23 21:07:24,20,25.03276,121.54907,19
500101241,1,2024-07-23 21:08:24,20,25.03276,121.54907,19
500101241,1,2024-07-23 21:09:24,20,25.03276,121.54907,19
500101241,1,2024-07-23 21:09:24,20,25.03276,121.54907,19
500101241,1,2024-07-23 21:11:24,20,25.03276,121.54907,20
500101241,1,2024-07-23 21:12:24,20,25.03276,121.54907,20
500101241,1,2024-07-23 21:13:23,20,25.03276,121.54907,20
500101241,1,2024-07-23 21:14:24,20,25.03276,121.54907,20
500101241,1,2024-07-23 21:15:24,20,25.03276,121.54907,19
500101241,1,2024-07-23 21:16:24,20,25.03276,121.54907,19
500101241,1,2024-07-23 21:17:23,20,25.03276,121.54907,19
500101241,1,2024-07-23 21:18:24,20,25.03276,121.54907,19
500101241,1,2024-07-23 21:19:24,20,25.03276,121.54907,19
500101241,1,2024-07-23 21:20:30,20,25.03276,121.54907,19
500101241,1,2024-07-23 21:21:23,20,25.03276,121.54907,19
500101241,1,2024-07-23 21:22:24,20,25.03276,121.54907,19
500101241,1,2024-07-23 21:23:23,20,25.03276,121.54907,19
500101241,1,2024-07-23 21:24:23,20,25.03276,121.54907,18
500101241,1,2024-07-23 21:25:24,20,25.03276,121.54907,18
500101241,1,2024-07-23 21:26:24,20,25.03276,121.54907,17
500101241,1,2024-07-23 21:27:23,20,25.03276,121.54907,18
500101241,1,2024-07-23 21:28:24,20,25.03276,121.54907,18
500101241,1,2024-07-23 21:29:23,20,25.03276,121.54907,18
500101241,1,2024-07-23 21:30:29,20,25.03276,121.54907,18
500101241,1,2024-07-23 21:31:23,20,25.03276,121.54907,18
500101241,1,2024-07-23 21:32:24,20,25.03276,121.54907,18
500101241,1,2024-07-23 21:33:23,20,25.03276,121.54907,18
500101241,1,2024-07-23 21:34:24,20,25.03276,121.54907,19
500101241,1,2024-07-23 21:35:24,20,25.03276,121.54907,18
500101241,1,2024-07-23 21:36:23,20,25.03276,121.54907,19
500101241,1,2024-07-23 21:37:23,20,25.03276,121.54907,19
500101241,1,2024-07-23 21:38:23,20,25.03276,121.54907,19
500101241,1,2024-07-23 21:39:23,20,25.03276,121.54907,19
500101241,1,2024-07-23 21:40:30,20,25.03276,121.54907,19
500101241,1,2024-07-23 21:41:23,20,25.03276,121.54907,19
500101241,1,2024-07-23 21:42:23,20,25.03276,121.54907,19
